1,100,3.088377
1,174,2.7134748
1,56,2.6967223
1,98,2.6498306
1,12,2.5264804
2,258,3.2352889
2,313,3.1879468
2,288,3.0351841
2,50,2.9088612
2,333,2.8931222
3,100,3.0866358
3,258,3.066923
3,50,2.9991612
3,286,2.930844
3,302,2.9177446
4,313,3.1074154
4,50,3.0229857
4,100,2.9922483
4,1,2.835859
4,127,2.6579363
5,98,3.020056
5,173,3.0026996
5,22,2.919538
5,79,2.8775594
5,168,2.8750887
6,134,3.49565
6,197,3.4461122
6,483,3.44456
6,357,3.3039505
6,603,3.2041073
7,174,4.490191
7,168,3.9613497
7,191,3.868792
7,172,3.8460631
7,89,3.6138449
8,50,3.4176018
8,172,3.0074284
8,98,2.9536803
8,79,2.802702
8,1,2.7447438
9,181,2.844235
9,100,2.8381593
9,127,2.7387712
9,1,2.6650069
9,174,2.5914555
10,427,3.472905
10,483,3.4612772
10,603,3.2517512
10,474,3.2125714
10,127,3.1229863
11,50,3.2263412
11,181,2.8143828
11,100,2.7590406
11,127,2.7160747
11,174,2.675609
12,50,3.3472564
12,181,3.0052218
12,172,2.793766
12,1,2.7254755
12,100,2.6685688
13,483,3.0018616
13,191,2.9431224
13,357,2.900859
13,168,2.8650393
13,134,2.8352156
14,50,3.1427965
14,100,3.0764773
14,127,3.0065372
14,286,2.753375
14,174,2.6810637
15,313,3.3367543
15,258,3.3178644
15,300,3.2362623
15,286,3.1684604
15,100,3.0530472
16,50,3.4455938
16,174,3.3808482
16,181,3.0486853
16,173,3.004881
16,168,2.8922923
17,50,3.083284
17,258,2.8549438
17,127,2.8180547
17,286,2.7757015
17,1,2.6037345
18,479,3.9753938
18,170,3.8123178
18,483,3.7526958
18,514,3.743013
18,603,3.4812365
19,50,3.1308844
19,100,2.9472678
19,258,2.818625
19,127,2.7666745
19,1,2.6536064
20,50,3.2578359
20,1,2.970584
20,258,2.871897
20,121,2.7600696
20,100,2.650391
21,100,3.1553571
21,50,3.0540197
21,258,2.935909
21,286,2.8062465
21,302,2.788079
22,172,3.1803684
22,22,3.0223815
22,173,2.96959
22,79,2.9149382
22,210,2.85206
23,50,3.2426236
23,127,2.9672444
23,483,2.8117692
23,357,2.7823884
23,168,2.686637
24,50,3.2927856
24,181,2.9298048
24,100,2.8055696
24,174,2.79239
24,1,2.7083507
25,174,3.547454
25,50,3.4310892
25,168,3.132914
25,191,3.1093094
25,172,3.071913
26,258,3.070925
26,100,3.022965
26,286,2.8508396
26,1,2.743876
26,127,2.728414
27,50,3.161539
27,100,2.928618
27,258,2.785693
27,127,2.7678192
27,1,2.665722
28,50,3.420433
28,174,3.259378
28,181,3.0586026
28,172,3.020085
28,98,2.9820068
29,50,3.1007574
29,100,3.0345738
29,127,2.885552
29,258,2.7177007
29,302,2.553227
30,50,3.1050549
30,100,2.9106655
30,181,2.8523054
30,1,2.785328
30,300,2.665042
31,100,3.216929
31,127,3.0638251
31,286,3.0463457
31,50,3.0416315
31,302,2.7899022
32,100,2.9164793
32,258,2.8973737
32,1,2.7573123
32,127,2.7117324
32,300,2.492739
33,258,3.1820421
33,313,3.1333823
33,50,3.0522127
33,100,2.9325674
33,1,2.9111426
34,50,3.0297437
34,258,3.0244064
34,100,3.0242884
34,313,2.9209008
34,286,2.8637683
35,50,3.1076133
35,258,2.9620538
35,100,2.917246
35,313,2.849758
35,1,2.7721827
36,50,3.138506
36,258,2.954167
36,100,2.8744826
36,313,2.8410542
36,1,2.8201644
37,181,3.310496
37,1,2.9718328
37,22,2.905742
37,121,2.895687
37,79,2.756166
38,121,3.8110108
38,117,3.785119
38,181,3.7145534
38,50,3.464577
38,300,2.9702535
39,50,3.0712104
39,258,2.9814417
39,100,2.964261
39,1,2.7315433
39,300,2.643452
40,100,3.0745416
40,50,3.0355914
40,286,2.921583
40,258,2.8824644
40,127,2.841319
41,174,3.295192
41,98,2.9900517
41,127,2.898893
41,172,2.839319
41,100,2.82222
42,121,3.2343497
42,172,3.2278185
42,22,3.1841133
42,79,3.0370522
42,210,2.9059632
43,50,3.4040787
43,181,3.2296026
43,1,2.9346776
43,22,2.8304324
43,210,2.5846689
44,174,3.2519877
44,98,2.9794998
44,79,2.7857828
44,168,2.7796888
44,127,2.7289839
45,258,2.9984102
45,1,2.9499593
45,313,2.9088457
45,288,2.8731997
45,300,2.793301
46,258,2.944625
46,313,2.8213665
46,127,2.7610435
46,1,2.6696177
46,300,2.5420995
47,100,3.0717587
47,50,2.9978762
47,286,2.9712174
47,302,2.9045238
47,127,2.7772448
48,50,3.27037
48,174,3.1367276
48,127,2.9591303
48,100,2.8986857
48,168,2.81544
49,100,3.2812638
49,286,3.1385188
49,127,3.0517359
49,50,3.010282
49,302,2.923482
50,100,3.1576793
50,286,3.0413244
50,258,2.997467
50,50,2.992851
50,127,2.8580532
51,174,2.8449605
51,100,2.7546852
51,127,2.7188046
51,98,2.7069705
51,1,2.6722054
52,50,3.0384681
52,313,2.9809513
52,288,2.8558483
52,286,2.8386347
52,300,2.7733133
53,181,3.0260077
53,1,2.8582485
53,258,2.8294353
53,100,2.7685378
53,313,2.672967
54,50,3.08257
54,258,3.0656247
54,313,2.9602802
54,300,2.793022
54,237,2.7228105
55,100,2.7917535
55,1,2.7396047
55,258,2.7078652
55,127,2.688529
55,172,2.492176
56,181,3.6053817
56,172,3.4670038
56,174,3.404833
56,121,3.3775835
56,79,3.2041965
57,313,2.9770324
57,294,2.95585
57,300,2.921732
57,237,2.8757086
57,100,2.7570992
58,50,3.1475103
58,100,3.1075835
58,286,2.7321773
58,357,2.5092816
58,483,2.489377
59,50,3.3283696
59,98,3.1029735
59,134,3.066029
59,127,3.063975
59,173,2.901448
60,191,3.7235188
60,427,3.7225273
60,197,3.7148263
60,474,3.5964606
60,98,3.3184416
61,50,3.1712956
61,100,2.8737907
61,181,2.8307981
61,127,2.7229564
61,1,2.7002373
62,100,2.9624002
62,318,2.700642
62,168,2.5652199
62,12,2.4778113
62,1,2.416754
63,100,3.1346252
63,50,2.9935026
63,258,2.950702
63,302,2.9309516
63,127,2.860977
64,173,2.9126735
64,181,2.9118567
64,56,2.8713725
64,100,2.7413461
64,69,2.6918015
65,174,3.26901
65,181,3.1145315
65,172,3.0340893
65,79,2.8970685
65,22,2.8863325
66,258,2.9729788
66,100,2.9484844
66,313,2.8365722
66,181,2.831299
66,1,2.774142
67,50,3.1810496
67,181,2.9449332
67,258,2.8858547
67,100,2.83675
67,1,2.8238974
68,50,3.1336827
68,100,2.941237
68,1,2.6667304
68,313,2.6566744
68,174,2.2738597
69,100,3.0607698
69,258,2.9587967
69,127,2.8023503
69,313,2.786895
69,1,2.675384
70,50,3.392441
70,98,2.8239777
70,22,2.7542536
70,100,2.58835
70,210,2.5748034
71,50,3.18409
71,127,2.8592134
71,181,2.6567693
71,174,2.636846
71,1,2.4928172
72,50,3.2945762
72,127,2.843362
72,100,2.7954273
72,173,2.6341982
72,168,2.5757992
73,50,3.1377392
73,100,3.1040769
73,127,3.0296817
73,286,2.782914
73,174,2.6731427
74,50,3.035737
74,100,3.017886
74,286,2.8286662
74,127,2.7354126
74,300,2.7160046
75,50,3.128353
75,258,3.031243
75,313,2.9242685
75,100,2.8835738
75,300,2.7681813
76,100,3.228006
76,127,3.0715327
76,50,3.0453336
76,286,3.039975
76,302,2.7807193
77,50,3.2569373
77,100,2.9290597
77,174,2.8965251
77,127,2.894392
77,168,2.5358765
78,50,3.0995283
78,258,2.953484
78,100,2.946738
78,181,2.8088372
78,1,2.7489908
79,286,3.393921
79,302,3.337823
79,100,3.2478197
79,269,3.1560051
79,50,2.8768344
80,50,3.133757
80,127,2.8267963
80,258,2.7361863
80,286,2.6437638
80,1,2.5663452
81,50,3.1752934
81,100,2.8753788
81,181,2.8669162
81,258,2.8271182
81,127,2.7059686
82,174,3.1814313
82,357,2.8966486
82,98,2.891163
82,127,2.8891046
82,173,2.7359142
83,181,3.571181
83,50,3.5058303
83,117,3.3353052
83,172,3.2079751
83,22,3.1763973
84,50,3.1656704
84,181,2.9288673
84,1,2.825354
84,313,2.7857769
84,237,2.6481023
85,479,3.6792057
85,427,3.6775675
85,511,3.46156
85,603,3.3720899
85,185,3.0603738
86,258,3.085031
86,100,3.0214076
86,50,3.0133193
86,313,3.00838
86,286,2.8776011
87,96,3.4336123
87,69,3.226563
87,79,3.2245417
87,210,3.1912599
87,82,3.1585329
88,50,3.0453556
88,258,3.0254283
88,100,2.9912636
88,313,2.92941
88,127,2.7201574
89,258,2.9079697
89,313,2.773029
89,127,2.6692944
89,288,2.5949407
89,300,2.535198
90,197,3.7842152
90,514,3.6956651
90,483,3.6374514
90,357,3.4176424
90,603,3.3747952
91,174,3.193435
91,172,2.8136811
91,173,2.7776139
91,168,2.7713382
91,100,2.6967824
92,98,2.8880613
92,127,2.8552496
92,172,2.7666922
92,173,2.7070463
92,168,2.6252828
93,50,3.1706548
93,100,2.8958216
93,181,2.779583
93,127,2.759019
93,258,2.7417154
94,50,3.3672411
94,174,3.2579403
94,168,2.8937368
94,89,2.7999377
94,195,2.657902
95,174,4.0439677
95,69,3.5782712
95,172,3.5687573
95,173,3.5527215
95,204,3.508307
96,50,3.3281426
96,100,2.7945561
96,172,2.7645187
96,173,2.7234738
96,168,2.709132
97,50,3.3456693
97,174,3.182354
97,127,2.833976
97,100,2.796513
97,168,2.792959
98,50,3.2586265
98,174,2.8756933
98,100,2.8375504
98,127,2.820376
98,98,2.717661
99,288,3.227674
99,50,3.1553214
99,258,3.1418853
99,181,3.099615
99,121,2.7865498
100,50,3.0222192
100,313,3.0014224
100,100,2.9982195
100,286,2.8501592
100,302,2.8100746
101,50,3.1782427
101,258,2.9634204
101,1,2.9093235
101,313,2.8550284
101,300,2.7100265
102,50,3.292762
102,181,2.9308653
102,100,2.7501109
102,127,2.7070308
102,1,2.6848626
103,50,3.166594
103,100,2.8789797
103,258,2.7945776
103,127,2.7221572
103,1,2.699763
104,258,3.1248796
104,100,3.0465436
104,286,2.9685323
104,300,2.8532917
104,1,2.7432845
105,50,3.0836225
105,100,2.9796782
105,258,2.9263046
105,127,2.7513092
105,1,2.686876
106,50,3.2078362
106,100,2.88293
106,127,2.8277776
106,174,2.7024267
106,1,2.5204225
107,50,3.1118944
107,100,2.9539669
107,258,2.8506057
107,127,2.760839
107,1,2.6571066
108,50,3.1296346
108,100,2.9392314
108,258,2.8416977
108,181,2.768932
108,313,2.6790314
109,96,3.6491356
109,121,3.5282688
109,172,3.4988973
109,117,3.4086351
109,1,3.2142282
110,50,3.3915114
110,181,3.3752565
110,121,3.1078649
110,1,3.0902297
110,172,2.888255
111,50,3.0905027
111,100,2.9537864
111,313,2.788623
111,127,2.7374616
111,1,2.6945906
112,288,3.395795
112,258,3.3902116
112,300,3.315079
112,286,3.241989
112,100,3.144359
113,288,3.150917
113,313,3.1506267
113,100,3.0599942
113,300,3.013027
113,286,2.9134126
114,50,3.265659
114,174,2.9822915
114,100,2.8975658
114,127,2.8969972
114,168,2.6294708
115,50,3.1000028
115,127,2.9694052
115,286,2.7960382
115,258,2.7396584
115,1,2.4664388
116,100,3.1363685
116,50,3.0343826
116,286,3.0136433
116,302,2.7879891
116,269,2.644273
117,50,3.300138
117,181,3.0487285
117,1,2.818888
117,100,2.770899
117,258,2.7157602
118,50,3.221968
118,127,2.9856045
118,174,2.8094313
118,12,2.5333314
118,168,2.4617496
119,258,3.1768157
119,313,3.0998516
119,100,2.9910936
119,237,2.8288603
119,294,2.7904935
120,181,2.8828692
120,100,2.8496714
120,313,2.6826022
120,237,2.5480752
120,174,2.333517
121,286,2.9211895
121,258,2.7606597
121,302,2.685899
121,275,2.593149
121,269,2.572432
122,50,3.3062286
122,174,3.2187543
122,357,2.9471214
122,168,2.8935933
122,100,2.8141065
123,50,3.1174533
123,127,2.987696
123,174,2.5712461
123,275,2.556866
123,302,2.4906812
124,50,3.2491136
124,181,2.8623254
124,100,2.834024
124,127,2.7517438
124,174,2.6887412
125,50,3.472426
125,174,3.2455838
125,22,2.9788435
125,173,2.9478276
125,1,2.8919976
126,258,3.2179773
126,302,3.2001786
126,313,3.1864483
126,286,3.175795
126,100,3.1318142
127,181,3.0375543
127,1,2.8429337
127,100,2.7469933
127,313,2.6332157
127,127,2.610107
128,174,3.4611669
128,50,3.4424605
128,98,3.0793626
128,172,3.0771062
128,173,3.0623877
129,50,3.0675414
129,100,3.02145
129,258,2.8849366
129,127,2.7976146
129,1,2.6147
130,288,3.8196402
130,748,3.551461
130,742,3.3670819
130,125,3.3551717
130,597,3.2017908
131,100,3.1562977
131,286,3.1301296
131,302,2.986554
131,50,2.9781554
131,258,2.962496
132,50,3.157649
132,174,2.6143944
132,98,2.5575607
132,1,2.42113
132,168,2.3053367
133,258,3.0362725
133,100,3.035965
133,50,3.0141008
133,313,2.942939
133,286,2.9096744
134,50,3.1296923
134,258,2.9409208
134,100,2.8854797
134,313,2.8258207
134,300,2.620159
135,50,3.2485485
135,181,2.9225688
135,100,2.8260136
135,1,2.726584
135,127,2.7214534
136,100,3.0900202
136,50,3.0388262
136,302,2.760446
136,313,2.6495588
136,1,2.49277
137,50,3.2174911
137,1,2.9780424
137,258,2.958615
137,300,2.7774556
137,100,2.7221794
138,50,3.2323756
138,100,2.9055274
138,127,2.8858962
138,174,2.856401
138,98,2.7088733
139,50,3.0202785
139,258,2.9837065
139,286,2.9372728
139,302,2.8417416
139,127,2.808637
140,50,3.104912
140,100,2.96102
140,258,2.8498054
140,127,2.7660189
140,1,2.64658
141,288,3.9263659
141,300,3.8157187
141,117,3.769733
141,328,3.6743164
141,258,3.5432029
142,50,3.174701
142,100,2.977111
142,127,2.846031
142,258,2.6825724
142,1,2.5623152
143,50,3.093288
143,258,3.0154383
143,100,2.9189517
143,1,2.8047216
143,300,2.740363
144,50,3.10501
144,286,2.87754
144,275,2.6120431
144,302,2.5408835
144,269,2.4445555
145,50,3.2588089
145,288,3.2242734
145,258,3.039832
145,121,2.938186
145,300,2.786972
146,313,3.0785482
146,100,3.070874
146,50,2.9811723
146,286,2.9681275
146,300,2.8905606
147,50,3.0552115
147,100,3.0026107
147,258,2.9449594
147,127,2.7648327
147,1,2.6610718
148,98,2.9208465
148,172,2.8534513
148,127,2.7909584
148,100,2.7427666
148,79,2.6615508
149,50,3.0608933
149,100,3.0321698
149,258,2.9191835
149,127,2.7975996
149,1,2.6332774
150,50,3.1099892
150,100,2.9716477
150,258,2.908091
150,127,2.7488253
150,1,2.7082746
151,197,4.0958667
151,479,3.9952047
151,191,3.8720202
151,511,3.815627
151,357,3.7212048
152,181,3.528366
152,50,3.5040097
152,172,3.1962519
152,22,3.1872857
152,174,3.1496627
153,50,3.256448
153,181,2.8919735
153,100,2.7996337
153,127,2.7271075
153,174,2.6965976
154,50,3.2090087
154,100,2.9983492
154,127,2.9808269
154,357,2.7488189
154,168,2.5861235
155,50,3.1738951
155,100,2.8892777
155,181,2.7850907
155,127,2.7561133
155,1,2.646381
156,50,3.2573671
156,174,2.9323184
156,127,2.8751779
156,98,2.7595942
156,168,2.57183
157,258,3.0773573
157,288,2.921324
157,1,2.8108866
157,300,2.8020086
157,237,2.7231405
158,50,3.241132
158,100,2.9440508
158,181,2.84324
158,127,2.8125756
158,1,2.6596215
159,117,3.8020167
159,288,3.8013053
159,300,3.6861799
159,313,3.512545
159,258,3.4584262
160,286,3.2024508
160,475,3.0875027
160,50,2.9879377
160,124,2.9414568
160,269,2.8281555
161,50,3.1872504
161,181,2.8254786
161,258,2.7442286
161,127,2.7365117
161,1,2.6770906
162,50,3.179212
162,181,2.880138
162,100,2.8737888
162,258,2.8348768
162,127,2.7059307
163,50,3.175448
163,100,2.8809352
163,181,2.8060813
163,127,2.7444115
163,1,2.6684783
164,288,3.493234
164,300,3.3679535
164,294,3.3646286
164,313,3.3061233
164,50,3.0942824
165,50,3.1965978
165,100,2.8629506
165,181,2.8460531
165,258,2.7469368
165,1,2.6934166
166,50,3.1330276
166,258,2.901755
166,100,2.889671
166,181,2.8489509
166,1,2.754484
167,50,3.2685509
167,483,3.2490416
167,174,3.2473571
167,197,3.2204568
167,357,3.1465354
168,117,3.1532474
168,50,3.1470947
168,258,3.0970852
168,288,3.059543
168,237,2.8897743
169,100,2.925456
169,127,2.8516486
169,181,2.6539717
169,174,2.6112812
169,1,2.4943063
170,50,3.0934117
170,258,3.0294702
170,313,2.9447324
170,100,2.9057002
170,1,2.8226035
171,100,3.0729628
171,50,3.0047116
171,286,2.961915
171,313,2.9085734
171,127,2.791508
172,50,3.1955698
172,100,2.9115543
172,127,2.8321002
172,174,2.6324296
172,1,2.5387726
173,288,3.5594044
173,313,3.549721
173,286,3.504612
173,300,3.4724016
173,100,3.2513347
174,181,3.05187
174,1,2.9850755
174,117,2.9646149
174,300,2.7853327
174,121,2.662981
175,174,3.0319297
175,181,2.8564262
175,127,2.7784307
175,100,2.7550795
175,168,2.6232975
176,302,3.436194
176,286,3.4081466
176,100,3.2937644
176,258,3.2568302
176,313,3.1749544
177,100,3.0114202
177,56,2.7342868
177,172,2.5094414
177,1,2.4728818
177,168,2.4675543
178,181,3.384581
178,117,3.1695318
178,121,3.092467
178,22,2.9940858
178,294,2.530628
179,258,3.1049225
179,50,3.0464058
179,100,2.9748468
179,181,2.8253326
179,1,2.8129568
180,50,3.4203563
180,174,3.1790652
180,181,3.1205537
180,172,3.0003805
180,1,2.7920163
181,50,3.1401527
181,258,3.0082827
181,313,2.9376748
181,300,2.8098254
181,100,2.8052473
182,100,2.817516
182,127,2.7104661
182,258,2.7079701
182,174,2.5356467
182,172,2.4060168
183,50,3.3247433
183,174,2.977595
183,181,2.9269116
183,172,2.7437675
183,100,2.736793
184,286,3.1522489
184,427,3.1412842
184,100,3.069053
184,514,2.9787972
184,603,2.8138785
185,100,3.0238426
185,127,2.8653593
185,313,2.5431094
185,275,2.5210223
185,1,2.4971135
186,117,3.3169682
186,50,3.2029128
186,181,3.2025678
186,300,3.0189714
186,121,2.970388
187,50,3.2647717
187,174,3.0976794
187,127,2.9275036
187,357,2.9015942
187,100,2.8746338
188,172,3.2113943
188,181,3.1859534
188,98,3.115136
188,173,3.107052
188,168,2.93855
189,134,3.5243495
189,197,3.505126
189,483,3.4967139
189,357,3.3362842
189,474,3.231624
190,258,3.1582875
190,50,3.0539665
190,300,2.9816186
190,1,2.8913765
190,181,2.8909461
191,50,3.0530906
191,100,3.0214703
191,258,2.9216354
191,286,2.8331995
191,313,2.788833
192,258,2.9227505
192,286,2.7960336
192,127,2.7903726
192,313,2.772704
192,1,2.6518266
193,50,3.2559588
193,181,2.9925292
193,258,2.7259643
193,100,2.7148654
193,127,2.6371706
194,50,3.360474
194,191,3.2112768
194,98,3.0896726
194,89,3.0183866
194,127,2.9695444
195,50,3.2022848
195,100,2.8883498
195,174,2.7184808
195,98,2.6122472
195,1,2.4893563
196,50,3.0832431
196,100,3.030351
196,258,2.8371327
196,127,2.8188374
196,1,2.5887501
197,181,3.1953418
197,1,2.8935673
197,174,2.8857887
197,121,2.6998992
197,258,2.645024
198,174,3.0934062
198,100,2.8261552
198,172,2.7953908
198,318,2.7158146
198,79,2.6231627
199,50,3.0784557
199,100,3.044984
199,258,2.8495336
199,127,2.8329694
199,286,2.7973554
200,174,3.7570217
200,50,3.6710088
200,181,3.649817
200,82,3.4551618
200,121,3.3603084
201,100,3.344076
201,357,3.010244
201,483,2.9356942
201,197,2.817641
201,474,2.7041507
202,50,3.2202368
202,100,2.8438509
202,181,2.8157117
202,127,2.7576773
202,174,2.6222525
203,50,3.1262462
203,258,2.9721007
203,181,2.8944356
203,100,2.8834283
203,1,2.8222027
204,100,3.068839
204,50,3.0300467
204,286,2.9480028
204,258,2.8936117
204,127,2.8369894
205,50,3.146347
205,100,2.9074028
205,258,2.8135571
205,127,2.7384305
205,1,2.6817982
206,50,3.1138897
206,100,2.9318018
206,258,2.8986115
206,127,2.7263448
206,1,2.712752
207,50,3.2950802
207,174,3.0137568
207,98,2.8049183
207,100,2.779761
207,168,2.6332917
208,50,3.2694232
208,181,2.958313
208,1,2.7477612
208,100,2.7165701
208,174,2.6933699
209,50,3.0747902
209,100,3.0271406
209,258,2.8632631
209,286,2.8091495
209,313,2.6989262
210,50,3.339932
210,127,2.802861
210,318,2.7732003
210,100,2.7549922
210,191,2.6633015
211,50,3.2739992
211,174,2.9188976
211,100,2.8055322
211,127,2.8035922
211,181,2.782285
212,50,3.2415788
212,100,2.8796682
212,127,2.8627586
212,174,2.8572173
212,1,2.4846725
213,50,3.3444164
213,174,3.0279832
213,100,2.798641
213,172,2.7926219
213,168,2.5813649
214,50,3.1610696
214,134,3.1112669
214,483,3.0248475
214,197,2.909504
214,474,2.758126
215,173,2.8844116
215,79,2.7838783
215,22,2.7557878
215,69,2.716404
215,100,2.638592
216,127,2.889989
216,181,2.7561688
216,258,2.711166
216,174,2.5636425
216,172,2.3881001
217,50,3.3637178
217,181,3.1780086
217,1,2.8937485
217,174,2.8561304
217,172,2.8300066
218,50,3.2343469
218,100,2.9683087
218,127,2.9573896
218,174,2.924649
218,357,2.7113986
219,100,3.0872853
219,50,3.0748503
219,127,2.9208593
219,286,2.8768668
219,302,2.644329
220,50,3.0958588
220,100,2.9490004
220,258,2.9144478
220,127,2.7291255
220,1,2.70382
221,100,2.8879855
221,258,2.8584173
221,1,2.8545673
221,288,2.7326283
221,237,2.6013882
222,172,3.3408823
222,22,3.2993817
222,121,3.2285056
222,82,3.0765955
222,210,3.0197263
223,288,3.23003
223,294,3.1927466
223,50,3.1659796
223,300,3.1513023
223,258,3.1479158
224,50,3.424108
224,181,3.3234205
224,1,3.0045214
224,172,2.9894652
224,121,2.9460363
225,50,3.2851875
225,174,3.1381102
225,127,2.9028463
225,357,2.8528748
225,100,2.8351035
226,50,3.162708
226,100,2.9598942
226,127,2.8161578
226,258,2.721213
226,1,2.5954623
227,286,3.3984568
227,302,3.3027208
227,269,3.1195965
227,258,3.0818255
227,50,2.8913355
228,50,3.2382662
228,181,2.9255662
228,100,2.7725625
228,1,2.742227
228,127,2.673926
229,100,3.097282
229,286,3.0203407
229,258,3.0063214
229,50,2.9872901
229,302,2.9392989
230,50,3.540544
230,172,3.339416
230,181,3.3315763
230,173,3.1941657
230,210,3.0101993
231,100,2.8678946
231,181,2.8467042
231,258,2.810483
231,1,2.7206771
231,127,2.7078738
232,127,2.959431
232,286,2.7757654
232,174,2.5935597
232,318,2.5691888
232,1,2.3558974
233,50,3.341499
233,174,3.3372722
233,191,3.0906048
233,427,3.0809376
233,357,2.9949493
234,134,4.42006
234,483,4.1250916
234,514,4.046789
234,654,3.9474332
234,603,3.852451
235,134,3.3355103
235,100,3.1990778
235,127,3.1546812
235,197,3.0641737
235,357,2.995751
236,50,3.2617803
236,174,2.7676985
236,100,2.7545574
236,1,2.6534855
236,172,2.5522685
237,50,3.2365823
237,427,3.017702
237,100,2.9701726
237,191,2.9612477
237,168,2.7825155
238,50,3.1684482
238,181,2.8740394
238,100,2.869386
238,258,2.8455431
238,1,2.753904
239,134,4.0022435
239,170,3.7087812
239,197,3.6810262
239,654,3.5558395
239,357,3.4453106
240,50,3.0520687
240,258,3.010419
240,100,2.9902742
240,313,2.9078193
240,300,2.6807497
241,50,3.1484017
241,100,2.8984222
241,181,2.8173268
241,127,2.7242167
241,1,2.707549
242,50,3.0863154
242,258,2.960732
242,100,2.935679
242,313,2.855422
242,127,2.698487
243,50,3.1229196
243,100,2.9816575
243,127,2.8930774
243,286,2.7894602
243,302,2.431393
244,174,3.1839335
244,181,3.1413321
244,98,3.0549002
244,172,3.0459397
244,22,2.9725964
245,50,3.1784546
245,181,2.971579
245,1,2.8483918
245,100,2.8051343
245,313,2.7907493
246,174,2.8549478
246,100,2.84832
246,127,2.7658606
246,98,2.759029
246,1,2.7001088
247,50,3.1574233
247,100,2.9201107
247,127,2.7625823
247,1,2.6586442
247,174,2.3658926
248,181,2.885287
248,100,2.8341863
248,127,2.7222655
248,1,2.7051413
248,174,2.5683494
249,100,3.0762942
249,127,2.9322648
249,181,2.725286
249,98,2.6355288
249,174,2.5831444
250,127,2.7845037
250,1,2.718222
250,7,2.6561263
250,237,2.5274756
250,286,2.5267472
251,50,3.1677032
251,100,2.8899634
251,181,2.8307316
251,258,2.8067877
251,127,2.7271314
252,100,3.146949
252,50,3.0156949
252,127,2.9129856
252,302,2.860126
252,258,2.8573701
253,50,3.2958007
253,181,2.9530087
253,174,2.8290849
253,127,2.6766565
253,172,2.6483076
254,50,3.4743621
254,174,3.2900395
254,98,2.9905536
254,173,2.9863029
254,79,2.9506168
255,50,3.1388674
255,258,3.1131246
255,313,3.03759
255,300,2.975076
255,100,2.8328204
256,121,3.6737287
256,181,3.5829968
256,294,3.3869586
256,300,3.1292386
256,742,3.076001
257,302,3.4398859
257,100,3.3520927
257,269,3.2572386
257,124,3.0405123
257,127,3.0154984
258,50,3.165817
258,100,2.8673625
258,181,2.8512204
258,1,2.7279277
258,127,2.7027602
259,50,3.2687342
259,100,2.8079355
259,127,2.7304616
259,174,2.7101567
259,1,2.705737
260,258,3.1813974
260,313,3.124924
260,100,3.0554872
260,50,2.979691
260,300,2.9707663
261,50,3.1321883
261,258,2.9839616
261,313,2.8898501
261,100,2.8614142
261,1,2.848818
262,50,3.401581
262,174,3.2237883
262,181,3.0193415
262,172,2.9537666
262,173,2.8995395
263,168,3.1278658
263,172,3.1035857
263,191,3.092575
263,173,3.0871854
263,69,3.0587316
264,50,3.1410413
264,127,3.079262
264,174,2.6265051
264,357,2.613493
264,483,2.5731883
265,50,3.1365006
265,258,3.0671515
265,181,3.0101323
265,313,2.980992
265,300,2.8779786
266,50,3.1169584
266,127,2.8110821
266,258,2.780114
266,181,2.679245
266,1,2.5885277
267,50,3.5768147
267,172,3.4652565
267,173,3.3271382
267,22,3.259161
267,168,3.1476727
268,100,3.0189207
268,98,2.781222
268,181,2.656718
268,168,2.5504942
268,1,2.4296494
269,514,3.66009
269,170,3.6110811
269,483,3.5634112
269,654,3.492419
269,474,3.4570274
270,181,2.9679718
270,100,2.8252025
270,1,2.8131523
270,258,2.8125217
270,127,2.681637
271,197,3.4149694
271,191,3.3696191
271,483,3.363601
271,134,3.2031498
271,168,3.1349328
272,357,2.9378462
272,127,2.9305313
272,168,2.9114132
272,100,2.8514209
272,173,2.8215005
273,50,3.099595
273,100,2.9714825
273,258,2.8680477
273,127,2.769412
273,286,2.6846702
274,50,3.1567693
274,181,2.9982543
274,1,2.917123
274,313,2.9041827
274,288,2.7820165
275,100,2.7634523
275,127,2.704085
275,98,2.6529622
275,258,2.609862
275,172,2.6022205
276,127,2.9934804
276,181,2.8398612
276,56,2.8059704
276,176,2.5453916
276,11,2.3839016
277,50,3.0522594
277,313,2.9652684
277,288,2.8834572
277,181,2.7930148
277,300,2.7710137
278,50,3.0606954
278,100,2.9958389
278,258,2.970547
278,127,2.746352
278,1,2.6963537
279,50,3.3423243
279,181,3.164142
279,172,2.8673983
279,1,2.7890348
279,174,2.7514894
280,181,3.5524726
280,50,3.4747267
280,121,3.4399266
280,117,3.412376
280,172,3.10848
281,50,3.1121914
281,258,2.953443
281,100,2.9074647
281,313,2.8407295
281,1,2.772962
282,50,3.0979633
282,100,2.9605367
282,258,2.9298193
282,127,2.7293272
282,1,2.7153878
283,50,3.400959
283,181,3.2092323
283,174,2.9770744
283,172,2.9348733
283,1,2.8933592
284,286,3.2277832
284,100,3.16542
284,258,3.1362221
284,269,3.020766
284,50,2.915529
285,50,3.1500237
285,127,2.7886517
285,258,2.7586744
285,181,2.7417274
285,1,2.6177583
286,258,3.102839
286,50,3.0876417
286,100,2.9632425
286,313,2.9381115
286,300,2.725271
287,258,2.970066
287,181,2.801121
287,1,2.7482958
287,127,2.740147
287,300,2.5630395
288,50,3.2105925
288,127,2.9313047
288,318,2.6735306
288,168,2.5088239
288,1,2.398027
289,50,3.2048376
289,181,2.8977387
289,100,2.8394032
289,1,2.743871
289,127,2.6945238
290,50,3.5362396
290,172,3.3138213
290,22,3.2149866
290,79,3.0572171
290,210,3.0072796
291,181,3.3781757
291,121,3.0739598
291,222,3.0135057
291,258,2.8409147
291,174,2.7949972
292,100,3.0191324
292,127,2.9823966
292,174,2.8836422
292,357,2.682433
292,168,2.555694
293,134,3.359118
293,197,3.3562105
293,191,3.3190124
293,603,3.166702
293,474,3.1098459
294,288,3.5437179
294,258,3.4046862
294,300,3.3806245
294,302,3.0859776
294,257,3.0228984
295,174,3.962705
295,172,3.69072
295,173,3.5969837
295,210,3.3558667
295,195,3.243909
296,286,3.280783
296,302,3.0292342
296,269,2.8665624
296,275,2.811588
296,124,2.7822058
297,50,3.1770995
297,127,2.8490775
297,1,2.564944
297,286,2.518726
297,98,2.5179586
298,172,3.1656764
298,98,3.1539598
298,173,3.1172264
298,69,3.0258603
298,181,3.0076637
299,134,3.7886803
299,170,3.5513096
299,197,3.4552965
299,654,3.3396072
299,357,3.2680476
300,258,3.135406
300,50,3.095836
300,313,3.0767598
300,1,2.9440968
300,100,2.8793457
301,96,3.5993173
301,172,3.489404
301,174,3.4204915
301,22,3.3840694
301,79,3.1656609
302,50,3.1757984
302,100,2.8760235
302,181,2.8284414
302,127,2.728233
302,1,2.6922393
303,181,2.8134143
303,172,2.5957658
303,176,2.539787
303,318,2.5140038
303,89,2.3752031
304,50,3.164807
304,181,2.9264646
304,258,2.9002013
304,100,2.8298898
304,1,2.8183763
305,100,3.2349334
305,134,3.1628597
305,50,3.027711
305,483,2.9661992
305,302,2.7861524
306,50,3.055435
306,100,3.0366836
306,258,2.9030547
306,127,2.8047638
306,1,2.6126597
307,174,3.1963232
307,98,2.919574
307,173,2.8413258
307,79,2.734262
307,100,2.6507218
308,174,3.8118672
308,89,3.4271877
308,191,3.4224093
308,168,3.4051886
308,474,3.276826
309,50,3.0511923
309,100,3.0050566
309,313,2.9093292
309,127,2.7338161
309,300,2.6820595
310,100,2.9036121
310,181,2.788392
310,127,2.764442
310,258,2.7377317
310,1,2.648709
311,174,4.1278105
311,204,3.7625422
311,172,3.7497694
311,22,3.6270573
311,168,3.5558062
312,134,4.6876965
312,474,4.461457
312,483,4.4264503
312,357,4.107824
312,170,4.0683947
313,174,3.8053496
313,168,3.2974265
313,173,3.2765934
313,69,3.2763188
313,98,3.2701082
314,118,4.4665112
314,181,4.0006094
314,748,3.606294
314,597,3.5144944
314,300,3.2765257
315,50,3.1567042
315,100,3.0680485
315,127,2.9807122
315,174,2.6514177
315,98,2.5963042
316,50,3.2060175
316,127,2.9043908
316,174,2.8305113
316,318,2.754232
316,98,2.6922066
317,258,3.1202705
317,50,3.0435052
317,100,2.982695
317,300,2.9026363
317,1,2.825271
318,50,3.3382533
318,181,3.076035
318,1,2.8216758
318,172,2.7603185
318,79,2.6280537
319,50,3.116486
319,100,2.9316485
319,258,2.880117
319,127,2.7323718
319,1,2.699723
320,117,3.921262
320,118,3.8421633
320,181,3.739614
320,50,3.486799
320,294,3.3157299
321,134,3.708848
321,483,3.543819
321,474,3.3555555
321,127,3.152909
321,100,3.0545819
322,50,3.199857
322,100,3.0445955
322,174,2.843727
322,98,2.7204635
322,357,2.7197747
323,100,3.0106645
323,127,2.7829967
323,1,2.71688
323,313,2.7058523
323,288,2.632618
324,300,3.6771648
324,333,3.6697233
324,313,3.619035
324,258,3.5767817
324,302,3.342889
325,483,3.3753088
325,197,3.3467388
325,357,3.2605743
325,603,3.147424
325,474,3.1395006
326,191,3.617464
326,168,3.6053
326,50,3.5440602
326,69,3.4509757
326,357,3.4319665
327,127,3.1941524
327,50,3.1445835
327,134,3.1299722
327,483,3.0133812
327,197,2.9166062
328,1,2.769424
328,174,2.7023149
328,100,2.6664453
328,98,2.6340747
328,79,2.4689996
329,100,2.9221005
329,181,2.7224398
329,258,2.6826203
329,1,2.5792098
329,98,2.4971144
330,181,3.61344
330,50,3.549414
330,121,3.4605536
330,172,3.326312
330,174,3.2353537
331,100,3.1719522
331,50,3.0381455
331,127,2.9933255
331,9,2.7284493
331,275,2.6156151
332,288,3.7994363
332,181,3.7041428
332,300,3.4193218
332,1016,3.3101475
332,258,3.2396207
333,50,3.2457016
333,181,2.8000557
333,98,2.6480734
333,1,2.5881398
333,172,2.518203
334,285,3.627779
334,100,3.4348042
334,137,3.3784924
334,302,3.0815299
334,357,2.7856872
335,258,3.038089
335,50,3.0320804
335,100,3.0138016
335,313,2.943912
335,286,2.83514
336,181,3.105495
336,1,2.9550107
336,258,2.90042
336,100,2.7521098
336,300,2.5711977
337,181,3.2145228
337,1,2.9316368
337,172,2.8269324
337,174,2.8210058
337,121,2.7555952
338,134,3.3905828
338,483,3.2561474
338,357,3.1334603
338,127,3.1248703
338,100,3.0945816
339,479,3.595077
339,23,3.4243362
339,603,3.399195
339,135,3.3268695
339,98,3.1380703
340,174,3.2808979
340,181,3.178142
340,172,3.085317
340,22,2.9277523
340,79,2.9055347
341,258,3.184229
341,313,3.1308393
341,50,3.0341544
341,300,3.029079
341,100,2.9743924
342,100,3.199511
342,127,3.1141777
342,50,3.0662174
342,134,3.0174336
342,483,2.8977187
343,100,3.0513124
343,483,2.9081335
343,89,2.8017588
343,12,2.7416785
343,173,2.7400413
344,286,3.0325372
344,9,2.780797
344,483,2.6057835
344,134,2.5920525
344,318,2.5656195
345,100,3.0498827
345,127,2.9623055
345,286,2.7939954
345,174,2.5660896
345,1,2.429215
346,174,3.384787
346,121,3.2057824
346,173,3.1235385
346,82,3.1194918
346,210,3.0971103
347,121,3.2657583
347,22,3.1342387
347,222,3.1211188
347,79,2.9332645
347,82,2.9166813
348,288,3.3430445
348,294,3.264606
348,300,3.2332306
348,258,3.2099502
348,50,3.1463566
349,50,3.0412898
349,258,3.0081003
349,313,2.8923862
349,286,2.842782
349,300,2.641105
350,174,3.3340037
350,191,3.0103192
350,357,2.9498918
350,56,2.8994284
350,100,2.788038
351,288,3.5982137
351,313,3.5540519
351,302,3.4283524
351,286,3.2740834
351,100,3.1170616
352,181,2.8268745
352,127,2.7937627
352,1,2.6202404
352,258,2.6056511
352,173,2.436199
353,100,3.0188408
353,50,3.007506
353,286,2.885749
353,302,2.8666468
353,300,2.8629665
354,285,4.604367
354,137,4.073969
354,124,3.8582296
354,302,3.5885265
354,269,3.418569
355,258,3.3288515
355,313,3.3203187
355,300,3.2264664
355,302,3.1948278
355,100,3.109295
356,50,3.083051
356,100,2.933786
356,313,2.899673
356,1,2.7695317
356,300,2.6986816
357,288,3.7277052
357,300,3.6509576
357,294,3.6269424
357,313,3.529618
357,258,3.4528735
358,286,3.340826
358,100,3.2984622
358,127,3.1547503
358,134,3.0616658
358,50,2.984812
359,258,2.8952184
359,1,2.8647888
359,100,2.8045244
359,313,2.7635698
359,127,2.6154246
360,127,3.084421
360,302,2.9941354
360,9,2.916549
360,269,2.8301935
360,134,2.5586352
361,134,3.3655293
361,483,3.2153533
361,197,3.1994805
361,127,3.1177115
361,357,3.0787442
362,258,3.1124046
362,50,3.0413616
362,288,2.9794862
362,100,2.9691358
362,1,2.8173738
363,98,2.8890104
363,96,2.8459184
363,1,2.749645
363,22,2.7063725
363,79,2.6659663
364,50,3.0783236
364,258,3.0398545
364,100,2.95133
364,313,2.9412513
364,300,2.760894
365,258,3.2249866
365,286,3.2004573
365,302,3.1981602
365,313,3.1656675
365,300,2.966746
366,50,3.318907
366,181,2.9624503
366,174,2.8908176
366,100,2.8003376
366,127,2.7434404
367,181,3.1049607
367,1,2.8874457
367,258,2.8446488
367,100,2.8082807
367,172,2.581929
368,50,3.2497509
368,1,2.7957287
368,258,2.7658873
368,174,2.546756
368,172,2.5056272
369,100,3.0187895
369,127,2.8258488
369,258,2.8057923
369,286,2.7472594
369,302,2.585356
370,174,2.9804742
370,127,2.971316
370,483,2.9236236
370,357,2.8632627
370,197,2.823709
371,174,3.4453473
371,172,3.1688948
371,181,3.1247964
371,173,3.0728981
371,168,2.9451447
372,258,3.1650288
372,50,3.086203
372,313,3.0507257
372,100,2.9755125
372,300,2.97526
373,204,3.6101983
373,98,3.3983126
373,202,3.3343303
373,423,3.3214104
373,210,3.2989032
374,50,3.4595578
374,181,3.3645945
374,172,3.0741384
374,22,3.0436518
374,121,3.0182438
375,50,3.2589912
375,181,2.8806436
375,100,2.8182688
375,174,2.725614
375,1,2.6617098
376,50,3.2038991
376,127,2.8601794
376,174,2.7053154
376,98,2.620839
376,1,2.4981487
377,50,3.1820056
377,100,2.885463
377,181,2.830087
377,127,2.7413893
377,1,2.68767
378,50,3.4726975
378,172,3.1507428
378,168,3.1115913
378,69,3.1110575
378,191,3.0050135
379,483,3.4659436
379,50,3.4401126
379,98,3.264534
379,134,3.258477
379,603,3.227097
380,127,3.0419173
380,427,2.9375641
380,483,2.9283879
380,134,2.9248278
380,197,2.8551629
381,50,3.147085
381,100,3.0185606
381,127,2.987762
381,357,2.755173
381,197,2.7337532
382,50,3.1427057
382,127,2.9728699
382,174,2.6087916
382,98,2.559518
382,1,2.3692374
383,483,3.1577258
383,50,3.1502295
383,197,3.1243808
383,127,3.11628
383,474,2.8701367
384,288,3.039864
384,50,3.0126278
384,100,2.991583
384,1,2.8124716
384,237,2.7648861
385,170,4.355135
385,474,3.9668055
385,179,3.8030844
385,190,3.6119356
385,480,3.368514
386,50,3.180157
386,181,3.053111
386,258,3.0056705
386,1,2.9433796
386,100,2.8148694
387,23,3.0339048
387,56,2.997549
387,134,2.918097
387,483,2.835548
387,168,2.5914726
388,117,3.3433566
388,313,3.21104
388,181,3.1096635
388,50,3.105213
388,100,2.8204381
389,479,3.8661447
389,511,3.6945546
389,357,3.6125104
389,498,3.148639
389,170,3.0936725
390,50,3.0607455
390,100,2.9972658
390,313,2.8209772
390,127,2.7619035
390,181,2.702417
391,127,3.0463367
391,483,2.7827415
391,357,2.7671502
391,134,2.7303932
391,197,2.6801388
392,285,3.4330633
392,286,3.4143412
392,100,3.3010392
392,302,3.1345468
392,124,3.0270057
393,50,3.4726315
393,294,3.4051075
393,742,3.143388
393,300,3.067536
393,597,2.9559777
394,181,3.7778604
394,121,3.65713
394,174,3.5674274
394,117,3.4338794
394,161,3.2623444
395,313,2.5718749
395,174,2.5329642
395,172,2.4680374
395,22,2.3172183
395,79,2.2686708
396,50,3.1756186
396,181,3.1061666
396,258,3.053544
396,313,2.9820194
396,300,2.9193542
397,427,2.7335978
397,191,2.63528
397,603,2.6280289
397,185,2.5068727
397,168,2.4353507
398,191,3.7392821
398,168,3.7266994
398,69,3.6543312
398,50,3.5858977
398,357,3.4984384
399,50,3.434812
399,181,3.3619347
399,172,3.0218117
399,121,3.006137
399,174,2.9583545
400,50,3.055894
400,100,2.9535475
400,300,2.7980466
400,1,2.7860878
400,127,2.6771884
401,50,3.327176
401,98,2.8772008
401,168,2.7711651
401,127,2.7634554
401,100,2.674266
402,127,2.8319802
402,313,2.61294
402,7,2.5606213
402,302,2.5438669
402,300,2.245305
403,258,3.1780803
403,313,3.1340358
403,300,3.1233766
403,294,3.1229093
403,121,2.869162
404,313,3.1120198
404,288,3.0653214
404,50,3.054087
404,100,2.893821
404,1,2.8889015
405,172,3.8864646
405,96,3.8432872
405,210,3.5787158
405,168,3.3678133
405,228,3.2230537
406,50,3.3363729
406,479,3.3022583
406,603,3.1824567
406,168,3.1370144
406,238,2.733962
407,174,3.6254115
407,50,3.5047789
407,79,3.026711
407,204,3.0078313
407,22,2.9996264
408,258,3.1694193
408,100,3.0644882
408,286,2.981425
408,50,2.974921
408,300,2.9384038
409,479,4.572497
409,197,4.340201
409,654,4.286382
409,480,3.7023525
409,657,3.5530477
410,50,3.0702298
410,258,2.970266
410,100,2.9641387
410,1,2.7174191
410,300,2.6257796
411,172,2.9760387
411,98,2.8941042
411,173,2.8321896
411,69,2.644406
411,168,2.6419632
412,50,3.2969675
412,181,2.8776665
412,100,2.8095565
412,127,2.7794333
412,98,2.758332
413,313,3.0522943
413,302,3.0521588
413,288,2.8724763
413,127,2.7723424
413,1,2.6858532
414,100,3.0807674
414,50,2.9854958
414,286,2.9621346
414,127,2.7529662
414,1,2.7197573
415,50,3.2278008
415,100,2.8343043
415,181,2.8143528
415,127,2.7653673
415,1,2.6196234
416,117,3.2912436
416,22,3.00812
416,237,2.924418
416,174,2.7667756
416,69,2.5929284
417,50,3.585886
417,174,3.5311875
417,172,3.452861
417,181,3.4231863
417,22,3.3251624
418,50,3.153213
418,100,2.8932612
418,181,2.8688178
418,1,2.7601192
418,127,2.6998284
419,127,2.9515686
419,483,2.579251
419,318,2.5785584
419,357,2.5472174
419,98,2.5297782
420,302,3.15086
420,269,2.9679034
420,9,2.9515862
420,50,2.9314654
420,276,2.8106325
421,181,2.73027
421,318,2.7277203
421,168,2.6673925
421,173,2.6514
421,1,2.4621077
422,258,2.9840384
422,302,2.8385627
422,313,2.784361
422,7,2.7577968
422,1,2.6167333
423,258,3.388459
423,288,3.3375783
423,300,3.2911823
423,333,3.2420902
423,269,3.2288942
424,258,3.139392
424,313,3.1041424
424,50,3.030089
424,288,3.0109084
424,300,2.9795232
425,258,2.9172647
425,1,2.7767336
425,7,2.7690024
425,313,2.663219
425,237,2.5576842
426,479,4.3516326
426,357,3.9264736
426,603,3.8929503
426,514,3.8875277
426,170,3.6398501
427,288,3.589538
427,302,3.5469186
427,313,3.5403695
427,300,3.4954054
427,100,3.1984465
428,333,3.9098024
428,258,3.677286
428,286,3.6399715
428,307,3.5025513
428,328,3.4158745
429,176,3.1462657
429,427,3.1383514
429,197,3.090267
429,127,3.0164084
429,474,2.8210816
430,7,2.5899904
430,275,2.5622938
430,269,2.5604012
430,313,2.5062113
430,1,2.4083211
431,50,3.1302562
431,258,2.8989532
431,100,2.8918998
431,313,2.774336
431,1,2.748929
432,50,3.0507889
432,100,2.9726396
432,1,2.9572604
432,237,2.9175673
432,333,2.910709
433,100,3.0973074
433,50,3.07589
433,127,2.942357
433,258,2.6891887
433,302,2.6423037
434,117,3.6054163
434,294,3.4610224
434,300,3.426812
434,313,3.3266864
434,258,3.2989554
435,173,3.15097
435,204,2.8731334
435,28,2.8714883
435,222,2.8434813
435,121,2.6372983
436,181,3.3603654
436,121,3.0825968
436,22,2.947005
436,172,2.9166913
436,174,2.8366156
437,427,3.3973267
437,197,3.3242462
437,168,3.2760518
437,357,3.1816711
437,474,2.8168046
438,288,3.3804
438,294,3.3057222
438,313,3.2747314
438,258,3.2613764
438,50,3.1054645
439,258,3.1094813
439,100,3.0925543
439,313,3.0027347
439,50,2.9974
439,286,2.9585083
440,286,3.9784467
440,302,3.9639306
440,285,3.7817047
440,269,3.7137525
440,100,3.44737
442,50,3.303551
442,100,2.922905
442,127,2.819246
442,98,2.7598937
442,1,2.7093613
444,50,3.0617015
444,258,2.9735801
444,286,2.777844
444,127,2.7429407
444,1,2.7021194
445,50,3.0962224
445,100,3.0427544
445,258,2.8582642
445,127,2.8203137
445,286,2.7160554
447,100,2.9468555
447,127,2.826099
447,1,2.696919
447,172,2.5225112
447,79,2.3536716
448,286,3.555318
448,100,3.324129
448,313,3.1912472
448,300,2.9055483
448,127,2.887613
449,286,4.056943
449,137,3.8944993
449,124,3.8117652
449,302,3.8096633
449,116,3.5108647
450,496,3.291554
450,143,3.1498518
450,216,3.136813
450,194,3.006234
450,483,2.807223
451,300,4.0383906
451,313,3.9091132
451,302,3.7801538
451,294,3.7514467
451,286,3.4548619
452,191,3.3933995
452,357,3.2564998
452,132,3.0650947
452,134,3.0088418
452,474,2.9493773
453,1,2.9225993
453,98,2.800934
453,222,2.7555342
453,121,2.670163
453,79,2.6456447
454,181,2.9527245
454,1,2.7128587
454,98,2.6514916
454,172,2.617413
454,173,2.4927
455,318,2.5663018
455,237,2.438032
455,168,2.3834429
455,176,2.3782382
455,210,2.2897263
456,100,3.2752285
456,134,3.0575833
456,98,2.8283563
456,89,2.8062854
456,12,2.8042312
457,496,2.927254
457,71,2.8547106
457,95,2.803638
457,427,2.653581
457,153,2.5043402
458,50,3.0311759
458,357,2.7463036
458,197,2.6994562
458,170,2.6857958
458,269,2.673837
462,258,3.1566439
462,50,3.053584
462,1,2.8988338
462,302,2.6903927
462,286,2.6722522
