1,100,3.1166961
1,174,2.8356068
1,56,2.7071998
1,98,2.7008002
1,12,2.6935382
2,258,3.094736
2,313,3.0458136
2,50,2.9343393
2,288,2.806384
2,333,2.6103125
3,100,3.1214423
3,50,2.9879332
3,286,2.939221
3,258,2.9192219
3,302,2.8745604
4,50,3.065864
4,100,3.0031657
4,313,2.800305
4,1,2.7275362
4,127,2.7013102
5,173,2.9057708
5,98,2.8672397
5,22,2.8631663
5,168,2.8600087
5,79,2.8523872
6,134,3.613263
6,197,3.516538
6,483,3.4679172
6,357,3.4634993
6,603,3.3188272
7,174,4.51739
7,168,4.063547
7,191,3.8857994
7,172,3.7679296
7,89,3.7121665
8,50,3.3112779
8,172,2.9518933
8,1,2.7810137
8,79,2.7703543
8,98,2.7689898
9,100,2.9136927
9,127,2.7388015
9,181,2.6954434
9,1,2.6795197
9,174,2.6193314
10,483,3.3237288
10,474,3.2534866
10,127,3.183374
10,603,3.175443
10,427,3.1474202
11,50,3.143385
11,100,2.8488777
11,174,2.7654178
11,127,2.74622
11,181,2.6851861
12,50,3.234428
12,181,2.8665502
12,100,2.7747376
12,172,2.746635
12,1,2.7327037
13,357,3.1864011
13,191,3.160607
13,168,3.1565526
13,483,3.154223
13,134,3.0529487
14,100,3.1205647
14,50,3.0386846
14,127,2.9977512
14,286,2.710312
14,174,2.6568158
15,300,3.2842684
15,258,3.188201
15,313,3.185284
15,286,3.0947952
15,100,3.0938454
16,50,3.2886295
16,174,3.2241125
16,168,2.8762825
16,173,2.8718493
16,181,2.868293
17,50,3.0769665
17,127,2.7663434
17,258,2.7618299
17,1,2.676708
17,286,2.65011
18,483,3.7784364
18,170,3.6854584
18,514,3.6389017
18,603,3.6287363
18,479,3.5597224
19,50,3.1076155
19,100,2.9673314
19,127,2.763691
19,258,2.6703262
19,1,2.668835
20,50,3.239438
20,1,2.8572605
20,258,2.73843
20,100,2.7244854
20,121,2.6973808
21,100,3.1245284
21,50,3.0375612
21,258,2.8430316
21,286,2.7607615
21,302,2.7271438
22,172,3.123184
22,22,2.946409
22,79,2.9165654
22,210,2.9017487
22,173,2.8862536
23,50,3.086539
23,127,3.00461
23,357,2.732067
23,483,2.7198763
23,168,2.7055838
24,50,3.2335052
24,181,2.8541093
24,100,2.8392422
24,174,2.8388293
24,1,2.7446065
25,174,3.425464
25,50,3.2632902
25,168,3.1158845
25,191,2.956762
25,172,2.9547036
26,100,3.0186148
26,258,2.921751
26,286,2.7553167
26,1,2.7269723
26,127,2.7005947
27,50,3.1175888
27,100,2.957444
27,127,2.7474349
27,258,2.6866713
27,1,2.685637
28,50,3.281817
28,174,3.0861077
28,181,2.9183319
28,172,2.8941655
28,98,2.7787879
29,100,3.0593338
29,50,3.0490034
29,127,2.884337
29,258,2.5898468
29,302,2.586204
30,50,3.1414115
30,100,2.8868961
30,181,2.7998786
30,1,2.7792878
30,300,2.6943798
31,100,3.2006097
31,127,3.0430183
31,50,2.9626043
31,286,2.9535913
31,302,2.8105307
32,100,2.9657924
32,258,2.803209
32,1,2.7296526
32,127,2.705275
32,300,2.6095104
33,50,3.0654988
33,258,3.054033
33,313,2.9988027
33,100,2.9780378
33,1,2.8017013
34,100,3.0547717
34,50,3.0170476
34,258,2.8765836
34,286,2.8466372
34,313,2.7939234
35,50,3.1006463
35,100,2.9452198
35,258,2.8393338
35,313,2.7456937
35,1,2.744058
36,50,3.1091275
36,100,2.9365594
36,258,2.8385503
36,1,2.7522745
36,313,2.7415357
37,181,3.154177
37,1,2.8915975
37,121,2.8522513
37,22,2.8255503
37,79,2.802443
38,121,3.6478941
38,181,3.4537761
38,117,3.4310513
38,50,3.3904104
38,300,3.143984
39,50,3.074076
39,100,2.9849696
39,258,2.844824
39,1,2.7183158
39,300,2.7033405
40,100,3.064196
40,50,3.0286872
40,127,2.8051198
40,286,2.7950199
40,258,2.771033
41,174,3.2080138
41,127,2.9015849
41,98,2.8766203
41,100,2.874349
41,172,2.7892737
42,172,3.2886338
42,121,3.2177699
42,22,3.1829321
42,79,3.0969703
42,210,3.0503519
43,50,3.3609061
43,181,3.1611354
43,1,2.8829243
43,22,2.8744855
43,210,2.759871
44,174,3.1586945
44,98,2.8255093
44,168,2.798617
44,79,2.7444499
44,127,2.7026691
45,300,2.9424555
45,258,2.9396892
45,1,2.897043
45,313,2.8788471
45,288,2.8098376
46,258,2.8283732
46,127,2.7370927
46,313,2.7231963
46,1,2.6934216
46,300,2.6583614
47,100,3.0761998
47,50,3.0159872
47,286,2.8406897
47,127,2.7938616
47,302,2.7540529
48,50,3.1213658
48,174,3.0179992
48,100,2.9635687
48,127,2.9594946
48,168,2.8075113
49,100,3.2192152
49,127,3.0318718
49,50,2.9982603
49,286,2.852507
49,302,2.740436
50,100,3.1130135
50,50,3.0199351
50,286,2.83641
50,127,2.8272538
50,258,2.8141508
51,174,2.866576
51,100,2.843561
51,127,2.7393394
51,1,2.6795712
51,98,2.6387033
52,50,3.020638
52,313,2.9074826
52,300,2.9042368
52,286,2.8820035
52,288,2.755246
53,100,2.8562355
53,181,2.8512208
53,1,2.7951553
53,258,2.773309
53,313,2.6547153
54,50,3.1146665
54,258,2.9426079
54,300,2.8732686
54,313,2.8576229
54,237,2.725555
55,100,2.8511972
55,1,2.732054
55,127,2.682684
55,258,2.6201296
55,172,2.5957594
56,181,3.3983176
56,121,3.2812195
56,172,3.217222
56,174,3.1387613
56,79,3.0255938
57,300,3.0106616
57,313,2.9265697
57,294,2.881872
57,237,2.861448
57,100,2.8090756
58,100,3.1213074
58,50,3.070608
58,357,2.6671433
58,483,2.6505315
58,286,2.6108816
59,50,3.24028
59,98,3.147652
59,173,3.1300707
59,134,3.0658875
59,127,3.0597374
60,197,3.6017134
60,191,3.5984445
60,474,3.5595381
60,427,3.3850603
60,98,3.2688777
61,50,3.125798
61,100,2.9205315
61,127,2.7124314
61,181,2.7107742
61,1,2.7058866
62,100,3.0109723
62,168,2.6341
62,12,2.5806134
62,318,2.5786064
62,1,2.5650868
63,100,3.1176035
63,50,3.0035467
63,258,2.841051
63,127,2.818616
63,302,2.8049097
64,173,2.9464784
64,181,2.8330443
64,56,2.8224716
64,69,2.7947273
64,100,2.7744634
65,174,3.1338332
65,181,3.0419679
65,172,2.9684215
65,22,2.802453
65,79,2.800736
66,100,2.95829
66,258,2.8787525
66,313,2.7709892
66,1,2.763976
66,181,2.7352328
67,50,3.1740835
67,100,2.86365
67,181,2.852017
67,1,2.8028047
67,258,2.8007505
68,50,3.1025746
68,100,2.9791605
68,1,2.670078
68,313,2.5403917
68,174,2.487641
69,100,3.0112333
69,258,2.7905893
69,127,2.7494977
69,1,2.7002506
69,313,2.6408076
70,50,3.292334
70,22,2.6899717
70,100,2.679678
70,98,2.658561
70,210,2.6064053
71,50,3.1153963
71,127,2.86932
71,174,2.7655947
71,1,2.5737226
71,181,2.5584574
72,50,3.1578586
72,100,2.9269195
72,127,2.8947349
72,168,2.7522583
72,173,2.664119
73,100,3.109394
73,50,3.0526507
73,127,3.0059795
73,174,2.7222805
73,286,2.657396
74,50,3.0392735
74,100,3.0374074
74,286,2.780742
74,300,2.7704055
74,127,2.7287407
75,50,3.1331618
75,100,2.9099088
75,258,2.901477
75,300,2.8149478
75,313,2.8099458
76,100,3.2030396
76,127,3.0556843
76,50,2.9914827
76,286,2.8632238
76,302,2.7256632
77,50,3.1527042
77,100,2.9703445
77,174,2.9268658
77,127,2.9009612
77,168,2.6938212
78,50,3.1113696
78,100,2.947896
78,258,2.8005965
78,1,2.735649
78,181,2.7154007
79,100,3.257356
79,286,3.2486303
79,302,3.1515477
79,269,2.9704294
79,50,2.8958502
80,50,3.0866885
80,127,2.8018234
80,258,2.6514244
80,1,2.63664
80,286,2.5942914
81,50,3.1624706
81,100,2.8917978
81,181,2.7960486
81,258,2.745363
81,127,2.6595743
82,174,3.133171
82,127,2.8938959
82,98,2.816964
82,357,2.7838202
82,173,2.7771397
83,181,3.449864
83,50,3.449536
83,172,3.181952
83,117,3.114689
83,22,3.0903668
84,50,3.1381314
84,181,2.8013818
84,1,2.790952
84,313,2.759496
84,237,2.655743
85,603,3.449604
85,427,3.4357762
85,511,3.3298535
85,479,3.311268
85,185,3.2863622
86,100,3.0490057
86,50,3.0245917
86,258,2.8688397
86,286,2.8206081
86,313,2.7805264
87,79,3.1962318
87,210,3.1883821
87,82,3.1629264
87,69,3.104104
87,96,3.0742283
88,100,3.0434613
88,50,3.0283487
88,258,2.8718371
88,313,2.7852485
88,127,2.744756
89,258,2.8567703
89,313,2.765146
89,300,2.7502337
89,288,2.6434755
89,127,2.6180363
90,197,3.967413
90,514,3.846995
90,483,3.8053696
90,357,3.7120993
90,603,3.6404817
91,174,3.230488
91,168,2.9321368
91,173,2.848161
91,172,2.8103805
91,100,2.79522
92,127,2.8434262
92,98,2.8154774
92,172,2.8029656
92,168,2.784115
92,173,2.7481966
93,50,3.1254988
93,100,2.9363055
93,127,2.7500598
93,181,2.6733665
93,258,2.633781
94,174,3.4731286
94,50,3.3197157
94,168,3.1677225
94,89,2.9862833
94,195,2.8857944
95,174,4.029874
95,69,3.5638478
95,173,3.5280776
95,172,3.5208635
95,204,3.3671803
96,50,3.2036228
96,100,2.8725185
96,172,2.7272882
96,168,2.715322
96,173,2.6767368
97,50,3.2050216
97,174,3.1221042
97,100,2.877578
97,127,2.864407
97,168,2.8533616
98,50,3.1490145
98,100,2.9154878
98,174,2.8720088
98,127,2.8364577
98,98,2.651445
99,50,3.1804314
99,258,3.1540914
99,288,3.15217
99,121,3.0185614
99,181,3.0136461
100,100,3.065585
100,50,2.9998655
100,286,2.9088905
100,313,2.9011998
100,302,2.8385017
101,50,3.184954
101,258,2.9130476
101,1,2.8705997
101,300,2.869607
101,313,2.8322058
102,50,3.1925075
102,100,2.8330297
102,181,2.7989626
102,1,2.7158322
102,127,2.6904821
103,50,3.1388552
103,100,2.9092128
103,1,2.7141223
103,127,2.703291
103,258,2.686185
104,100,3.054984
104,258,2.9763834
104,300,2.9119818
104,286,2.8844597
104,1,2.7153945
105,50,3.0669858
105,100,3.005622
105,258,2.800909
105,127,2.7432492
105,1,2.6871219
106,50,3.1131127
106,100,2.9678798
106,127,2.8471131
106,174,2.7289433
106,1,2.587366
107,50,3.1004183
107,100,2.9643977
107,127,2.744674
107,258,2.708637
107,1,2.6811278
108,50,3.097616
108,100,2.9767656
108,258,2.7100248
108,181,2.6416047
108,313,2.5769582
109,121,3.4214094
109,172,3.3489182
109,117,3.104241
109,1,3.0545306
109,96,3.0435467
110,50,3.3393898
110,181,3.2124193
110,121,3.0523472
110,1,2.9528644
110,172,2.9155295
111,50,3.0651686
111,100,2.9959912
111,127,2.730922
111,313,2.7142231
111,1,2.6926327
112,300,3.252329
112,258,3.1754415
112,100,3.0664608
112,286,2.9944715
112,288,2.9865253
113,100,3.071687
113,300,3.0137572
113,313,2.9833336
113,286,2.86964
113,288,2.8638942
114,50,3.140942
114,100,2.964494
114,174,2.8920944
114,127,2.8914142
114,168,2.659997
115,50,3.0793703
115,127,2.9073322
115,286,2.6087847
115,258,2.5983284
115,1,2.584325
116,100,3.1325135
116,50,2.998966
116,286,2.8743818
116,302,2.773419
116,269,2.5919275
117,50,3.2254012
117,181,2.9078958
117,100,2.8346972
117,1,2.803639
117,258,2.7142718
118,50,3.1407366
118,127,2.9474497
118,174,2.8466706
118,12,2.6814327
118,168,2.6373973
119,258,3.157915
119,313,3.1022992
119,100,2.9937172
119,237,2.8937705
119,294,2.8847919
120,100,2.9239018
120,181,2.7191355
120,313,2.5861611
120,237,2.5163124
120,174,2.5030973
121,286,2.8095803
121,302,2.6681676
121,258,2.573397
121,275,2.5464077
121,269,2.5060027
122,50,3.1573267
122,174,3.1532662
122,100,2.9364262
122,168,2.934489
122,357,2.9148135
123,50,3.0134892
123,127,2.9946635
123,302,2.6425924
123,174,2.586932
123,275,2.536761
124,50,3.1748772
124,100,2.888085
124,181,2.7445202
124,127,2.7381752
124,174,2.7344522
125,50,3.347148
125,174,3.1345344
125,22,2.8485227
125,1,2.8330426
125,173,2.800205
126,100,3.121997
126,258,3.0577772
126,286,3.0437195
126,313,3.0048091
126,302,2.9898255
127,181,2.8670628
127,100,2.831181
127,1,2.787227
127,127,2.6183705
127,313,2.6052928
128,174,3.3575194
128,50,3.3121622
128,172,3.0179064
128,173,2.9591336
128,98,2.9022427
129,50,3.0568898
129,100,3.0222702
129,127,2.7772288
129,258,2.7481282
129,1,2.65465
130,288,3.7930565
130,742,3.633829
130,748,3.5135112
130,125,3.465043
130,597,3.4015317
131,100,3.1267023
131,50,2.9912047
131,286,2.9284568
131,302,2.8315067
131,258,2.8280377
132,50,3.1043985
132,174,2.7591643
132,98,2.5964444
132,1,2.555895
132,168,2.5434482
133,50,3.0382047
133,100,3.0236893
133,258,2.860058
133,313,2.776923
133,286,2.774305
134,50,3.1086636
134,100,2.931364
134,258,2.8807862
134,313,2.794049
134,300,2.781152
135,50,3.181417
135,100,2.8812838
135,181,2.7946992
135,1,2.734688
135,127,2.6979527
136,100,3.131522
136,50,2.9980388
136,302,2.7666523
136,1,2.5614963
136,313,2.5441043
137,50,3.210618
137,1,2.8555243
137,258,2.824219
137,100,2.7922735
137,300,2.7338727
138,50,3.139701
138,100,2.9390247
138,174,2.8834758
138,127,2.8685381
138,98,2.6659477
139,50,3.0140653
139,286,2.855874
139,258,2.8360069
139,127,2.8056772
139,302,2.7702503
140,50,3.0693176
140,100,2.998644
140,127,2.7597744
140,258,2.7440734
140,1,2.6662743
141,300,3.887225
141,288,3.600714
141,117,3.5503962
141,258,3.521279
141,328,3.3455403
142,50,3.0954428
142,100,3.0236666
142,127,2.8436403
142,1,2.6166117
142,258,2.6049447
143,50,3.0922358
143,100,2.9588764
143,258,2.8365397
143,1,2.7322886
143,300,2.698041
144,50,2.9918408
144,286,2.8963532
144,302,2.7582312
144,269,2.6012685
144,275,2.5577989
145,288,3.2190719
145,50,3.202749
145,258,3.1463122
145,300,3.1236088
145,121,3.0454419
146,100,3.0977154
146,300,3.0583365
146,313,3.0289867
146,286,3.0043516
146,50,2.9738555
147,50,3.0496318
147,100,3.0152247
147,258,2.8233507
147,127,2.7425382
147,1,2.6820326
148,172,2.842843
148,98,2.8264303
148,100,2.8017635
148,127,2.7876232
148,79,2.6526904
149,100,3.0435135
149,50,3.0427213
149,127,2.7901402
149,258,2.7749877
149,1,2.647639
150,50,3.0849652
150,100,2.996967
150,258,2.8324432
150,1,2.718076
150,127,2.7167974
151,197,3.9512532
151,357,3.8045847
151,191,3.6771855
151,511,3.5703528
151,479,3.524427
152,181,3.520268
152,50,3.4785767
152,172,3.2555635
152,22,3.189784
152,174,3.1742501
153,50,3.180382
153,100,2.8623588
153,181,2.767696
153,174,2.7407713
153,127,2.7169397
154,50,3.1081789
154,100,3.0196376
154,127,2.977808
154,357,2.7399678
154,168,2.7392807
155,50,3.128869
155,100,2.9298992
155,127,2.74984
155,181,2.679529
155,1,2.674536
156,50,3.13954
156,174,2.9617913
156,127,2.9109266
156,168,2.7299306
156,98,2.7249289
157,258,3.0401843
157,300,2.999295
157,288,2.8611767
157,1,2.7898874
157,237,2.7740757
158,50,3.16395
158,100,2.9818835
158,127,2.7634637
158,181,2.7231317
158,1,2.7148838
159,300,3.7364874
159,313,3.45289
159,288,3.4396372
159,117,3.4243205
159,258,3.4142044
160,286,3.0890946
160,50,2.9382212
160,475,2.9288533
160,269,2.8386688
160,124,2.7796178
161,50,3.1168087
161,127,2.7385738
161,1,2.6845555
161,181,2.678529
161,258,2.6780431
162,50,3.1426976
162,100,2.9145231
162,181,2.7442439
162,258,2.7169862
162,127,2.6985567
163,50,3.1347554
163,100,2.9193904
163,127,2.7315829
163,181,2.7035677
163,1,2.6912458
164,300,3.3793488
164,313,3.2073708
164,294,3.1709466
164,288,3.1661317
164,50,3.1163058
165,50,3.1595676
165,100,2.882545
165,181,2.7521024
165,1,2.7115471
165,258,2.634512
166,50,3.1329525
166,100,2.908736
166,181,2.7362711
166,1,2.7235794
166,258,2.7218797
167,174,3.1965463
167,50,3.1287642
167,357,3.0731094
167,483,3.0595374
167,197,3.0396562
168,50,3.1626482
168,258,3.0389369
168,288,2.9297774
168,117,2.8920176
168,237,2.8725786
169,100,2.947132
169,127,2.789275
169,1,2.6321676
169,181,2.6215253
169,174,2.6064165
170,50,3.1014142
170,100,2.9312968
170,258,2.8894062
170,313,2.813801
170,1,2.7701693
171,100,3.057652
171,50,3.0219474
171,286,2.8229237
171,127,2.779475
171,313,2.74242
172,50,3.1244948
172,100,2.955554
172,127,2.8208795
172,174,2.7073576
172,1,2.6152391
173,300,3.5164006
173,286,3.5050387
173,313,3.3925195
173,100,3.2785435
173,288,3.1524065
174,181,3.079461
174,1,2.9042428
174,121,2.8513215
174,300,2.7770693
174,117,2.740575
175,174,2.9751608
175,100,2.831332
175,127,2.7681448
175,181,2.7530944
175,168,2.6739175
176,100,3.2064703
176,286,3.11725
176,302,3.062163
176,258,3.0556397
176,313,2.9524593
177,100,3.0189571
177,56,2.6261034
177,168,2.585917
177,1,2.579908
177,172,2.5636804
178,181,3.377224
178,121,3.345398
178,117,3.130477
178,22,2.9915876
178,294,2.836288
179,50,3.1016626
179,100,2.93572
179,258,2.864363
179,1,2.754571
179,181,2.735087
180,50,3.2631154
180,174,3.0152693
180,181,2.9039664
180,172,2.8409464
180,1,2.7353363
181,50,3.1364274
181,258,2.9029484
181,100,2.881645
181,300,2.850558
181,313,2.8327045
182,100,2.8771095
182,127,2.6989813
182,174,2.6363506
182,258,2.6303349
182,172,2.5266786
183,50,3.239106
183,174,3.0059853
183,181,2.8323843
183,172,2.7895544
183,100,2.7821665
184,100,3.1565733
184,286,2.928036
184,427,2.9201295
184,603,2.8631608
184,514,2.8099155
185,100,3.0600426
185,127,2.860012
185,1,2.5849993
185,275,2.492534
185,313,2.479454
186,50,3.2599955
186,121,3.2183561
186,181,3.1768897
186,117,3.1751459
186,300,3.1486645
187,50,3.1443949
187,174,3.0627773
187,100,2.9470685
187,127,2.938963
187,357,2.8023853
188,172,3.0202465
188,181,2.9611287
188,173,2.9135976
188,168,2.9032404
188,98,2.8917568
189,134,3.4365723
189,197,3.4339442
189,357,3.388743
189,483,3.3818893
189,474,3.3230586
190,50,3.081191
190,258,3.0406227
190,300,3.0376818
190,1,2.8158133
190,181,2.7618265
191,100,3.0741782
191,50,3.0055954
191,258,2.8887284
191,286,2.8783946
191,313,2.8037326
192,258,2.8131864
192,127,2.7464492
192,1,2.696051
192,313,2.6867018
192,286,2.6750767
193,50,3.1845107
193,181,2.8783903
193,100,2.7968984
193,258,2.7382524
193,127,2.599702
194,50,3.2069433
194,191,3.0907238
194,98,3.0159523
194,127,2.9913642
194,89,2.9754562
195,50,3.1164823
195,100,2.959322
195,174,2.774424
195,98,2.594251
195,1,2.5759468
196,50,3.094923
196,100,2.9930544
196,127,2.7692158
196,258,2.7024896
196,1,2.669486
197,181,3.0727882
197,1,2.8693633
197,174,2.8035724
197,121,2.7747061
197,258,2.684716
198,174,3.0689394
198,100,2.8672435
198,172,2.7809093
198,318,2.614537
198,79,2.6003425
199,100,3.072923
199,50,3.0386662
199,127,2.8311362
199,286,2.7594318
199,258,2.722845
200,181,3.6152418
200,174,3.58797
200,50,3.5807514
200,121,3.4995475
200,82,3.396369
201,100,3.2707026
201,357,3.2456963
201,483,3.165111
201,474,3.1034904
201,197,3.048664
202,50,3.1447873
202,100,2.913469
202,127,2.767384
202,174,2.6958466
202,181,2.6822355
203,50,3.1330335
203,100,2.9059734
203,258,2.80351
203,181,2.7699726
203,1,2.762777
204,100,3.07773
204,50,3.0183225
204,286,2.8272295
204,127,2.8169324
204,258,2.7777083
205,50,3.119548
205,100,2.9349842
205,127,2.7207887
205,258,2.7033956
205,1,2.7001321
206,50,3.0995631
206,100,2.9552097
206,258,2.7647462
206,127,2.717046
206,1,2.7059207
207,50,3.2046757
207,174,3.1284187
207,168,2.842741
207,100,2.8268151
207,98,2.807412
208,50,3.208651
208,181,2.849033
208,100,2.7875726
208,174,2.7818792
208,1,2.74118
209,50,3.079382
209,100,3.0043504
209,258,2.718093
209,286,2.6346688
209,313,2.5850747
210,50,3.2422965
210,127,2.8087118
210,100,2.7832594
210,191,2.708405
210,318,2.6804638
211,50,3.1740944
211,174,2.895217
211,100,2.8609283
211,127,2.784001
211,181,2.695047
212,50,3.1249027
212,100,2.9554617
212,127,2.830913
212,174,2.7285695
212,1,2.6077092
213,50,3.2376523
213,174,3.0142257
213,100,2.855483
213,172,2.7884192
213,168,2.70785
214,134,3.0842621
214,483,3.0283139
214,50,3.000858
214,197,2.9343445
214,474,2.8499763
215,173,2.8136907
215,100,2.7404878
215,79,2.7193325
215,69,2.6945148
215,22,2.688281
216,127,2.7997732
216,174,2.7695057
216,181,2.7426155
216,172,2.6452577
216,258,2.5848613
217,50,3.291395
217,181,3.0352108
217,174,2.8865535
217,172,2.8519874
217,1,2.835356
218,50,3.1162033
218,100,3.0162032
218,127,2.9547644
218,174,2.891107
218,357,2.6513805
219,100,3.1015387
219,50,3.023534
219,127,2.922746
219,286,2.7748713
219,302,2.6485958
220,50,3.0702686
220,100,2.996186
220,258,2.7863662
220,127,2.7389073
220,1,2.6866355
221,100,2.8663466
221,258,2.841919
221,1,2.8414989
221,288,2.7455337
221,237,2.6840005
222,172,3.285223
222,121,3.2185013
222,22,3.1683388
222,210,3.061674
222,82,3.0148177
223,300,3.3128757
223,294,3.177921
223,50,3.1764042
223,258,3.1477036
223,288,3.1143107
224,50,3.3383222
224,181,3.1991606
224,121,2.9742785
224,172,2.9352267
224,1,2.9234047
225,50,3.119456
225,174,3.0799792
225,127,2.9788384
225,100,2.953186
225,357,2.9048388
226,50,3.1094406
226,100,2.992404
226,127,2.7801168
226,258,2.6779993
226,1,2.669745
227,286,3.2049897
227,302,3.1168363
227,258,2.9641697
227,269,2.9310582
227,50,2.9133484
228,50,3.1594465
228,100,2.8739586
228,181,2.758337
228,1,2.716137
228,127,2.6945758
229,100,3.1070502
229,50,2.9850368
229,286,2.9454186
229,258,2.8965054
229,302,2.8636682
230,50,3.3900251
230,172,3.1889327
230,181,3.1200268
230,173,3.0412316
230,210,2.9647899
231,100,2.9282317
231,258,2.725878
231,1,2.7165835
231,181,2.712577
231,127,2.7027862
232,127,2.9563947
232,286,2.7451699
232,174,2.5753946
232,318,2.5059426
232,1,2.5038939
233,174,3.3300846
233,50,3.178031
233,357,3.0966482
233,191,3.0588849
233,427,2.9742322
234,134,4.4333878
234,483,4.103882
234,654,4.065093
234,603,3.982072
234,514,3.9636722
235,100,3.2079468
235,134,3.1938825
235,127,3.1779006
235,357,3.0650563
235,197,3.04962
236,50,3.168856
236,100,2.852905
236,174,2.7751174
236,1,2.6732955
236,172,2.5876195
237,50,3.096962
237,100,3.0241525
237,168,2.9068396
237,191,2.8840506
237,427,2.8713326
238,50,3.1367495
238,100,2.907895
238,181,2.751012
238,258,2.7452302
238,1,2.738013
239,134,3.8331923
239,170,3.6181655
239,197,3.552766
239,654,3.540514
239,357,3.4888935
240,50,3.040759
240,100,3.0205295
240,258,2.878904
240,313,2.7980716
240,300,2.7581062
241,50,3.1220202
241,100,2.9307742
241,127,2.7247562
241,1,2.6966364
241,181,2.695392
242,50,3.080558
242,100,2.9854312
242,258,2.7604337
242,127,2.734628
242,313,2.6490228
243,100,3.0955758
243,50,3.0232773
243,127,2.920511
243,286,2.7891364
243,302,2.6364398
244,174,3.0796669
244,181,3.0127654
244,172,2.9946842
244,98,2.8110898
244,22,2.8054879
245,50,3.1854393
245,181,2.885905
245,100,2.8220546
245,1,2.8143332
245,313,2.693509
246,174,2.944153
246,100,2.8236775
246,1,2.7507193
246,98,2.7195837
246,127,2.705173
247,50,3.1247747
247,100,2.9422185
247,127,2.7423096
247,1,2.6893015
247,174,2.5369918
248,100,2.887587
248,181,2.7680445
248,1,2.7185445
248,127,2.7091086
248,174,2.6530774
249,100,3.0953796
249,127,2.8968902
249,174,2.591597
249,181,2.5709996
249,98,2.5489542
250,127,2.7503984
250,1,2.7183254
250,7,2.5723822
250,237,2.5626168
250,286,2.5363367
251,50,3.1510966
251,100,2.9000585
251,181,2.7632954
251,258,2.7174873
251,127,2.6821027
252,100,3.118676
252,50,3.0146356
252,127,2.867258
252,302,2.7414386
252,258,2.7375934
253,50,3.215745
253,174,2.906196
253,181,2.8239882
253,172,2.714803
253,127,2.6930552
254,50,3.3392694
254,174,3.2003748
254,79,2.8431966
254,173,2.8428705
254,98,2.8151705
255,50,3.1499622
255,258,2.979942
255,300,2.9359832
255,313,2.8925898
255,100,2.8848872
256,121,3.9223175
256,294,3.5727897
256,181,3.5607965
256,742,3.347013
256,300,3.331673
257,100,3.4032614
257,302,3.3825276
257,269,3.232463
257,127,3.0272005
257,124,2.9707599
258,50,3.131307
258,100,2.9178782
258,181,2.7198906
258,1,2.7120893
258,127,2.7065225
259,50,3.177819
259,100,2.881557
259,1,2.7309327
259,127,2.6961577
259,174,2.655564
260,50,3.0414186
260,100,3.0220306
260,258,2.9616203
260,313,2.8855367
260,300,2.8840632
261,50,3.107552
261,258,2.9322984
261,100,2.9226785
261,313,2.8623827
261,1,2.797281
262,50,3.300329
262,174,3.178937
262,181,2.958039
262,172,2.94918
262,173,2.821078
263,168,3.0902357
263,173,2.9925125
263,191,2.9549878
263,172,2.9252913
263,69,2.9028904
264,50,3.082757
264,127,3.039388
264,174,2.8477714
264,357,2.744763
264,483,2.7036371
265,50,3.150275
265,258,3.002929
265,300,2.983967
265,313,2.9241881
265,181,2.8884528
266,50,3.078661
266,127,2.799109
266,258,2.6685488
266,1,2.6378243
266,181,2.5809355
267,50,3.4589942
267,172,3.3962476
267,173,3.2420735
267,22,3.1939511
267,168,3.1878078
268,100,3.0498898
268,98,2.6649415
268,168,2.5858026
268,1,2.5828757
268,181,2.5682943
269,474,3.631844
269,170,3.623049
269,483,3.6017122
269,654,3.5803306
269,514,3.49817
270,100,2.9703336
270,258,2.8266075
270,1,2.7718072
270,181,2.767701
270,127,2.6823611
271,197,3.3166513
271,483,3.273147
271,134,3.2412128
271,191,3.2196937
271,168,3.174217
272,168,2.9160125
272,127,2.9121068
272,100,2.8953364
272,173,2.815271
272,357,2.8009305
273,50,3.0530703
273,100,3.019072
273,258,2.7869163
273,127,2.762328
273,286,2.7175581
274,50,3.1732576
274,181,2.9265015
274,313,2.8770797
274,1,2.8716068
274,288,2.7642877
275,100,2.8235664
275,127,2.6854002
275,172,2.6581738
275,98,2.580349
275,258,2.558977
276,127,2.9416277
276,56,2.8025305
276,181,2.6761127
276,176,2.6562676
276,11,2.6108162
277,50,3.0826888
277,313,2.828723
277,300,2.8175619
277,288,2.7267919
277,181,2.6990595
278,50,3.0638275
278,100,2.999642
278,258,2.781472
278,127,2.7458868
278,1,2.6779575
279,50,3.3316097
279,181,3.0811222
279,172,3.0211663
279,174,2.9998827
279,1,2.8292332
280,121,3.6817946
280,181,3.5905585
280,50,3.4967575
280,117,3.3223605
280,172,3.2786198
281,50,3.091605
281,100,2.9491224
281,258,2.8620112
281,313,2.7790697
281,1,2.7452116
282,50,3.0895574
282,100,2.979282
282,258,2.7573571
282,127,2.7374866
282,1,2.691302
283,50,3.3301647
283,181,3.0949645
283,174,2.9865746
283,172,2.9480922
283,1,2.8630185
284,100,3.2101963
284,286,3.1981025
284,258,2.9613678
284,269,2.92111
284,50,2.9074044
285,50,3.0992703
285,127,2.7977288
285,1,2.6380227
285,258,2.6246789
285,181,2.6090305
286,50,3.0855649
286,258,3.0641239
286,300,3.0153623
286,313,2.975548
286,100,2.9724255
287,258,2.85042
287,1,2.7722404
287,181,2.763643
287,300,2.669036
287,127,2.668126
288,50,3.0815368
288,127,2.9296443
288,318,2.5545814
288,168,2.5467532
288,1,2.5216339
289,50,3.1558073
289,100,2.8964279
289,181,2.7585785
289,1,2.7260408
289,127,2.6967862
290,50,3.4232726
290,172,3.1918108
290,22,3.056305
290,79,2.9974017
290,210,2.9584744
291,181,3.3329434
291,121,3.3121428
291,222,2.9773042
291,174,2.8614104
291,258,2.8424163
292,100,3.0157712
292,127,2.9865532
292,174,2.973975
292,357,2.772989
292,168,2.7728882
293,197,3.3162022
293,134,3.300564
293,474,3.2787077
293,191,3.2415102
293,603,3.177978
294,300,3.509427
294,258,3.3639467
294,288,3.2645113
294,302,3.0441055
294,257,2.8732085
295,174,3.9928634
295,172,3.668656
295,173,3.507432
295,210,3.4870007
295,195,3.330268
296,286,3.2884655
296,302,3.140695
296,269,2.986177
296,124,2.8159854
296,275,2.7621613
297,50,3.1127331
297,127,2.8301818
297,1,2.6316867
297,98,2.5078275
297,286,2.4982746
298,172,3.0420008
298,173,3.016382
298,98,2.9693909
298,69,2.939941
298,181,2.8882968
299,134,3.7949157
299,197,3.5471501
299,170,3.5264554
299,357,3.4972227
299,654,3.474341
300,50,3.1104438
300,258,2.9978375
300,100,2.9304345
300,313,2.9242165
300,1,2.8255885
301,172,3.4558427
301,174,3.389836
301,22,3.3468745
301,79,3.2336001
301,96,3.1656277
302,50,3.1315682
302,100,2.920862
302,181,2.7168825
302,127,2.7114089
302,1,2.7094457
303,172,2.7628007
303,176,2.690052
303,89,2.6699028
303,181,2.6541634
303,318,2.6050615
304,50,3.1582224
304,100,2.8635037
304,181,2.823661
304,258,2.7886271
304,1,2.7848358
305,100,3.3022082
305,134,2.9670482
305,50,2.9113371
305,302,2.9080682
305,483,2.8812518
306,50,3.0518227
306,100,3.0421543
306,258,2.7871478
306,127,2.7761118
306,1,2.6644936
307,174,3.0945246
307,98,2.7744596
307,173,2.7587306
307,100,2.7411418
307,79,2.7004457
308,174,3.8536847
308,168,3.6002855
308,474,3.5371966
308,191,3.498638
308,89,3.4930882
309,50,3.0487156
309,100,3.0277808
309,313,2.7547266
309,127,2.7370996
309,300,2.6989808
310,100,2.9390786
310,127,2.7561886
310,181,2.6740777
310,1,2.6725132
310,258,2.6291666
311,174,4.148919
311,172,3.680054
311,168,3.5978427
311,204,3.5567274
311,22,3.5476298
312,134,4.7047734
312,474,4.604459
312,483,4.301568
312,357,4.2622094
312,170,4.2566447
313,174,3.729167
313,168,3.3286822
313,173,3.2693522
313,69,3.24079
313,98,3.142013
314,118,4.156855
314,181,3.925552
314,597,3.8193884
314,748,3.717959
314,300,3.6878915
315,100,3.0877688
315,50,3.069239
315,127,2.9785821
315,174,2.7339914
315,98,2.6058235
316,50,3.0698462
316,127,2.920584
316,174,2.7398763
316,98,2.5759742
316,318,2.5703256
317,50,3.0656247
317,100,2.9968092
317,258,2.988351
317,300,2.9254777
317,1,2.7695205
318,50,3.2459023
318,181,2.9468596
318,1,2.7850757
318,172,2.7434924
318,79,2.6052074
319,50,3.087913
319,100,2.9694972
319,258,2.7587476
319,127,2.730101
319,1,2.6923554
320,117,3.652129
320,181,3.6343431
320,50,3.4964123
320,118,3.3886433
320,294,3.3471782
321,134,3.4796832
321,483,3.3413227
321,474,3.2531638
321,127,3.212923
321,100,3.1594872
322,50,3.0883467
322,100,3.0626116
322,174,2.853345
322,357,2.7027414
322,98,2.684564
323,100,3.0057962
323,127,2.741571
323,1,2.7204702
323,313,2.632795
323,288,2.57213
324,300,3.8533332
324,313,3.594684
324,258,3.5694647
324,333,3.4697819
324,302,3.2234185
325,197,3.4540865
325,357,3.4364903
325,483,3.419742
325,474,3.40255
325,603,3.2743964
326,168,3.485764
326,191,3.3740761
326,50,3.3372371
326,69,3.298704
326,357,3.276259
327,127,3.2166593
327,134,3.1124768
327,483,3.0729392
327,50,3.0414724
327,197,2.9556656
328,174,2.7702672
328,100,2.7611344
328,1,2.7283924
328,98,2.5534713
328,79,2.519619
329,100,2.949805
329,1,2.6564152
329,181,2.6495657
329,258,2.6179574
329,98,2.473707
330,181,3.4892275
330,50,3.4791481
330,121,3.4574704
330,172,3.2470682
330,174,3.1608424
331,100,3.2078896
331,127,3.0206232
331,50,2.9511518
331,275,2.61343
331,9,2.6009085
332,288,3.7245145
332,300,3.7119071
332,181,3.612532
332,258,3.3930192
332,1016,3.3152192
333,50,3.1552522
333,181,2.651706
333,98,2.6318717
333,1,2.614885
333,172,2.5867915
334,100,3.397841
334,302,3.0195248
334,285,2.9988577
334,137,2.9286897
334,357,2.914974
335,50,3.0477273
335,100,3.0144262
335,258,2.9282339
335,313,2.8499181
335,286,2.758514
336,181,2.9603164
336,258,2.9135134
336,1,2.8855994
336,100,2.830761
336,300,2.8245518
337,181,3.054318
337,1,2.8549917
337,174,2.8542547
337,172,2.8350472
337,121,2.7103329
338,134,3.3870394
338,483,3.2843518
338,357,3.267958
338,127,3.1828256
338,100,3.127953
339,603,3.4646893
339,479,3.2204661
339,98,3.1703844
339,135,3.1677678
339,23,3.1513228
340,174,3.160854
340,181,3.0372484
340,172,2.980451
340,22,2.8061056
340,79,2.80253
341,100,3.0436037
341,258,3.0323594
341,50,3.0257921
341,300,2.9914267
341,313,2.9656866
342,100,3.2952383
342,127,3.1914108
342,134,2.9880106
342,50,2.9160323
342,483,2.9001079
343,100,3.072547
343,483,2.848225
343,89,2.8378646
343,12,2.8035011
343,173,2.7893312
344,286,2.9016094
344,483,2.598274
344,9,2.5743117
344,318,2.533629
344,134,2.5302596
345,100,3.079866
345,127,2.9275732
345,286,2.641846
345,174,2.6057825
345,1,2.5568125
346,174,3.3817434
346,121,3.2052333
346,210,3.1773407
346,82,3.104337
346,173,3.0191443
347,121,3.3875892
347,22,3.0834658
347,79,3.0043237
347,222,3.0033698
347,82,2.989676
348,300,3.2744687
348,50,3.2209153
348,294,3.212639
348,258,3.1345205
348,288,3.1335404
349,50,3.0333009
349,258,2.9565659
349,313,2.8595397
349,300,2.8435905
349,286,2.8267543
350,174,3.2088516
350,100,2.8787863
350,357,2.868065
350,191,2.8309503
350,56,2.7542694
351,313,3.3925908
351,286,3.2489595
351,302,3.2169623
351,288,3.187607
351,100,3.1406085
352,181,2.7483718
352,127,2.7483323
352,1,2.6895707
352,258,2.5578103
352,173,2.476534
353,100,3.0597963
353,50,3.0020006
353,300,2.994209
353,286,2.9131675
353,302,2.8581092
354,285,4.0882874
354,302,3.724395
354,124,3.6718836
354,269,3.6370199
354,137,3.6322849
355,300,3.4118032
355,258,3.2868614
355,313,3.2776408
355,100,3.1032217
355,302,3.058699
356,50,3.0591717
356,100,2.9923205
356,313,2.8277216
356,300,2.8087049
356,1,2.7293234
357,300,3.6877997
357,294,3.5725484
357,313,3.412024
357,288,3.4057267
357,258,3.3771684
358,100,3.284327
358,127,3.163143
358,286,3.0658078
358,134,2.9589012
358,50,2.9222088
359,100,2.8942006
359,258,2.7920818
359,1,2.7785292
359,313,2.6694193
359,127,2.6405292
360,127,3.1048768
360,302,2.8742578
360,269,2.7341533
360,134,2.7015498
360,9,2.663776
361,134,3.410235
361,197,3.2840466
361,483,3.282582
361,357,3.255848
361,127,3.2014663
362,50,3.0815537
362,258,2.987783
362,100,2.9429839
362,288,2.798049
362,1,2.7932708
363,98,2.8694365
363,79,2.7659233
363,22,2.7493067
363,1,2.7314568
363,96,2.6911135
364,50,3.0750966
364,100,2.981917
364,258,2.9418237
364,300,2.8612564
364,313,2.8601296
365,286,3.115953
365,258,3.0721848
365,302,3.0453556
365,300,3.019539
365,313,3.011089
366,50,3.203362
366,100,2.882348
366,174,2.8121467
366,181,2.786791
366,127,2.7417872
367,181,2.9786742
367,1,2.837552
367,100,2.8029473
367,172,2.737729
367,258,2.7327383
368,50,3.1940901
368,1,2.756566
368,258,2.6765122
368,174,2.656893
368,172,2.6057808
369,100,3.0503993
369,127,2.8206332
369,286,2.7280462
369,258,2.712928
369,302,2.6343825
370,127,3.0728805
370,483,2.9759054
370,357,2.9648538
370,174,2.93543
370,197,2.9181633
371,174,3.3383815
371,172,3.079374
371,181,3.0011415
371,173,2.9597905
371,168,2.9391484
372,50,3.0801432
372,258,2.9944782
372,100,2.9823108
372,300,2.9214416
372,313,2.90499
373,210,3.2192235
373,204,3.2112393
373,98,3.100035
373,202,3.0579927
373,423,3.0106833
374,50,3.4072115
374,181,3.2355924
374,172,3.1255271
374,22,2.9846747
374,121,2.9765353
375,50,3.2093177
375,100,2.830176
375,181,2.8215632
375,174,2.8130713
375,1,2.720261
376,50,3.12266
376,127,2.8592691
376,174,2.7778714
376,98,2.6036375
376,1,2.5813658
377,50,3.1303763
377,100,2.930268
377,181,2.7170472
377,127,2.7151024
377,1,2.7125683
378,50,3.3373182
378,168,3.167425
378,172,3.1195586
378,69,3.0502355
378,191,2.9259732
379,50,3.2675495
379,483,3.253705
379,98,3.184278
379,603,3.1199734
379,134,3.1144676
380,127,3.0626194
380,483,2.8782907
380,134,2.836104
380,197,2.7888875
380,427,2.749124
381,100,3.09398
381,127,3.060811
381,50,3.015578
381,357,2.8715808
381,197,2.8531404
382,50,3.0960178
382,127,2.9109104
382,174,2.7445607
382,98,2.5937083
382,1,2.5458467
383,483,3.173078
383,127,3.1617575
383,197,3.1597383
383,474,3.0156782
383,50,3.0146224
384,50,3.026558
384,100,3.0240157
384,288,2.8376122
384,1,2.76308
384,237,2.7612963
385,170,4.5737453
385,474,4.383379
385,179,3.7454343
385,480,3.7273772
385,190,3.7225444
386,50,3.1662557
386,100,2.876514
386,258,2.862194
386,181,2.8597946
386,1,2.8180618
387,56,2.8974297
387,483,2.8024766
387,23,2.7654672
387,134,2.754225
387,168,2.7509177
388,313,3.1562343
388,50,3.1301372
388,117,3.0433033
388,181,2.9402204
388,100,2.8882828
389,357,3.8358493
389,511,3.6424341
389,479,3.5647192
389,498,3.4695523
389,170,3.3870354
390,50,3.0610602
390,100,2.9995918
390,313,2.72672
390,127,2.7261572
390,181,2.620323
391,127,3.0477662
391,357,2.9242048
391,483,2.9147248
391,134,2.8448994
391,197,2.8388112
392,286,3.4124439
392,100,3.3478007
392,302,3.224462
392,285,3.1247716
392,124,2.9529283
393,294,3.7976098
393,742,3.6423848
393,50,3.5367858
393,597,3.4841547
393,300,3.4336913
394,181,3.6831276
394,121,3.6820219
394,174,3.5212905
394,117,3.2423375
394,161,3.0873673
395,174,2.7090588
395,172,2.6423948
395,313,2.505785
395,79,2.4898813
395,22,2.4438488
396,50,3.1937954
396,300,2.9933214
396,181,2.9866714
396,258,2.981472
396,313,2.9159136
397,427,2.748512
397,603,2.7449548
397,185,2.7169404
397,168,2.6992474
397,191,2.68897
398,168,3.600807
398,191,3.5079634
398,69,3.4359527
398,357,3.3844151
398,50,3.3649616
399,50,3.3706522
399,181,3.2411022
399,121,3.0732894
399,172,3.009447
399,174,2.917458
400,50,3.0543532
400,100,3.0038676
400,300,2.7637246
400,1,2.7136607
400,127,2.7069118
401,50,3.191862
401,168,2.8901346
401,127,2.8329158
401,98,2.8133914
401,100,2.798065
402,127,2.8109279
402,302,2.6153684
402,313,2.5785086
402,7,2.4923081
402,300,2.4508243
403,300,3.2814345
403,258,3.1567738
403,313,3.1281652
403,294,3.1165104
403,121,2.9821086
404,50,3.0742047
404,313,3.020759
404,100,2.9286153
404,288,2.8645246
404,1,2.8173635
405,172,3.6915753
405,210,3.5095985
405,96,3.3814921
405,168,3.297482
405,228,3.244813
406,603,3.2464185
406,168,3.1959898
406,50,3.1130056
406,479,3.0156596
406,238,2.9660206
407,174,3.6644251
407,50,3.3909
407,22,3.0482106
407,79,3.0367172
407,204,3.0063035
408,100,3.0529084
408,50,3.0151224
408,258,2.975711
408,300,2.9027474
408,286,2.8632064
409,654,4.2542634
409,197,4.247044
409,479,3.9018981
409,480,3.6843305
409,657,3.673584
410,50,3.0785255
410,100,2.9579992
410,258,2.8374274
410,1,2.721754
410,300,2.7215524
411,172,2.9513576
411,173,2.8086784
411,98,2.8026066
411,168,2.7819555
411,69,2.712541
412,50,3.191153
412,100,2.8815975
412,127,2.7831917
412,181,2.7312217
412,98,2.662099
413,302,2.944316
413,313,2.9021034
413,127,2.7749434
413,288,2.6879086
413,1,2.6708186
414,100,3.072794
414,50,3.0046177
414,286,2.9025683
414,1,2.7192729
414,127,2.7135937
415,50,3.1254337
415,100,2.931172
415,127,2.7834587
415,181,2.6488726
415,1,2.6426725
416,22,2.9230504
416,174,2.9178617
416,117,2.9176898
416,237,2.7087586
416,69,2.6730428
417,50,3.507117
417,174,3.4796777
417,172,3.428922
417,181,3.360403
417,22,3.2703125
418,50,3.117616
418,100,2.9346094
418,1,2.7352233
418,181,2.727015
418,127,2.6865726
419,127,2.9483595
419,483,2.5762224
419,98,2.5605364
419,318,2.5604239
419,357,2.5520296
420,302,3.0992765
420,269,2.9496493
420,50,2.8766484
420,9,2.75889
420,276,2.7227411
421,168,2.6902642
421,173,2.626526
421,181,2.624526
421,318,2.5902998
421,1,2.580062
422,258,2.8180065
422,302,2.6732433
422,1,2.660123
422,313,2.6351485
422,7,2.5939455
423,300,3.3675122
423,258,3.2711098
423,288,3.0729487
423,333,2.939805
423,269,2.9367375
424,50,3.0459902
424,300,3.0361698
424,258,3.0279992
424,313,2.9887064
424,288,2.8137867
425,258,2.862053
425,1,2.795292
425,7,2.653
425,313,2.6522868
425,237,2.6522229
426,357,4.0276303
426,603,3.8898413
426,479,3.765061
426,514,3.7472482
426,170,3.679834
427,300,3.4725304
427,313,3.3437507
427,302,3.3005373
427,100,3.1985767
427,288,3.1256804
428,258,3.6493866
428,333,3.632001
428,286,3.579654
428,307,3.4232285
428,328,3.3223214
429,127,3.0430055
429,474,3.0219586
429,176,3.0097997
429,197,2.988684
429,427,2.9329638
430,1,2.5630941
430,269,2.5153844
430,275,2.4903991
430,313,2.488653
430,7,2.4742348
431,50,3.093556
431,100,2.9445899
431,258,2.8223476
431,313,2.7379014
431,1,2.7315364
432,50,3.0788193
432,100,3.00848
432,237,2.932699
432,1,2.8741128
432,333,2.7948422
433,100,3.1973977
433,127,2.9969103
433,50,2.9743416
433,302,2.8038366
433,258,2.583236
434,300,3.5171664
434,294,3.4396904
434,117,3.3653448
434,313,3.2802973
434,258,3.2723968
435,173,3.1448956
435,204,2.9392455
435,121,2.818885
435,222,2.7771266
435,28,2.7605343
436,181,3.3795204
436,121,3.253402
436,172,3.192141
436,174,3.1112173
436,22,3.0939443
437,197,3.3260972
437,168,3.2811728
437,357,3.2772365
437,427,3.1668403
437,474,3.1395376
438,313,3.204402
438,258,3.1912744
438,294,3.1835024
438,50,3.1333714
438,288,3.1163085
439,100,3.0852594
439,50,3.0254571
439,258,2.9965298
439,313,2.8929172
439,286,2.8574946
440,286,3.697369
440,302,3.5793989
440,269,3.403086
440,100,3.392484
440,285,3.133043
442,50,3.2613564
442,100,2.8814526
442,127,2.757515
442,98,2.742632
442,1,2.7353034
444,50,3.0499654
444,258,2.8381958
444,127,2.7395878
444,286,2.7395015
444,1,2.6884866
445,50,3.0703685
445,100,3.0465806
445,127,2.8001494
445,258,2.7486289
445,286,2.6594517
447,100,2.88635
447,1,2.7776837
447,172,2.7244089
447,127,2.70391
447,79,2.5544183
448,286,3.474223
448,100,3.3324058
448,313,3.0103676
448,300,2.9660664
448,127,2.9132657
449,286,3.7313416
449,302,3.5558312
449,124,3.3869998
449,137,3.221353
449,116,3.2134159
450,496,3.2401977
450,194,3.0209289
450,143,2.996204
450,216,2.8622699
450,483,2.8557765
451,300,4.107978
451,313,3.8009834
451,294,3.5906522
451,302,3.5471258
451,286,3.5219193
452,191,3.514717
452,357,3.4989262
452,474,3.4240897
452,134,3.2968233
452,132,3.1320467
453,1,2.898368
453,121,2.8132894
453,79,2.6473906
453,222,2.6458735
453,98,2.576917
454,181,2.908062
454,172,2.839801
454,1,2.724494
454,98,2.7229385
454,173,2.7043362
455,168,2.5461986
455,210,2.4986584
455,318,2.483022
455,237,2.4462192
455,176,2.4017391
456,100,3.2281926
456,12,2.9413033
456,98,2.8742785
456,89,2.8651466
456,134,2.7658882
457,496,2.8948092
457,153,2.6999676
457,71,2.6529462
457,95,2.6040754
457,427,2.5845006
458,269,2.9528818
458,170,2.9330707
458,50,2.8655887
458,357,2.8596566
458,197,2.7863293
462,50,3.0561376
462,258,3.0093787
462,1,2.7802022
462,286,2.7463887
462,302,2.689101
